;代码	X	Y	名称	范围	数量	时间
lj1   19   21     半兽战士7     100      30      5
lj1   19   21     半兽人7     100      30      5
lj1   19   21     恶灵僵尸7     100      20      5
lj1   19   21     骷髅长枪兵7     100      10      5


lj2   19   21     半兽战士7     100      30      5
lj2   19   21     半兽人7     100      30      5
lj2   19   21     恶灵僵尸7     100      20      5
lj2   19   21     骷髅长枪兵7     100      10      5



lj3   19   21     半兽战士7     100      30      5
lj3   19   21     半兽人7     100      30      5
lj3   19   21     恶灵僵尸7     100      20      5
lj3   19   21     骷髅长枪兵7     100      10      5

lj4   19   21     半兽战士7     100      30      5
lj4   19   21     半兽人7     100      30      5
lj4   19   21     恶灵僵尸7     100      20      5
lj4   19   21     骷髅长枪兵7     100      10      5


lj5   19   21     半兽战士7     100      30      5
lj5   19   21     半兽人7     100      30      5
lj5   19   21     恶灵僵尸7     100      20      5
lj5   19   21     骷髅长枪兵7     100      10      5


lj6   19   21     半兽战士7     100      30      5
lj6   19   21     半兽人7     100      30      5
lj6   19   21     恶灵僵尸7     100      20      5
lj6   19   21     骷髅长枪兵7     100      10      5


lj7   19   21     半兽战士7     100      30      5
lj7   19   21     半兽人7     100      30      5
lj7   19   21     恶灵僵尸7     100      20      5
lj7   19   21     骷髅长枪兵7     100      10      5

lj8   19   21     半兽战士7     100      30      5
lj8   19   21     半兽人7     100      30      5
lj8   19   21     恶灵僵尸7     100      20      5
lj8   19   21     骷髅长枪兵7     100      10      5


lj9   19   21     半兽战士7     100      30      5
lj9   19   21     半兽人7     100      30      5
lj9   19   21     恶灵僵尸7     100      20      5
lj9   19   21     骷髅长枪兵7     100      10      5


lj10   19   21     半兽战士7     100      30      5
lj10   19   21     半兽人7     100      30      5
lj10   19   21     恶灵僵尸7     100      20      5
lj10   19   21     骷髅长枪兵7     100      10      5


lj1   19   21     半兽战士7     100      30      5
lj1   19   21     半兽人7     100      30      5
lj1   19   21     恶灵僵尸7     100      20      5
lj1   19   21     骷髅长枪兵7     100      10      5


lj2   19   21     半兽战士7     100      30      5
lj2   19   21     半兽人7     100      30      5
lj2   19   21     恶灵僵尸7     100      20      5
lj2   19   21     骷髅长枪兵7     100      10      5



lj3   19   21     半兽战士7     100      30      5
lj3   19   21     半兽人7     100      30      5
lj3   19   21     恶灵僵尸7     100      20      5
lj3   19   21     骷髅长枪兵7     100      10      5

lj4   19   21     半兽战士7     100      30      5
lj4   19   21     半兽人7     100      30      5
lj4   19   21     恶灵僵尸7     100      20      5
lj4   19   21     骷髅长枪兵7     100      10      5


lj5   19   21     半兽战士7     100      30      5
lj5   19   21     半兽人7     100      30      5
lj5   19   21     恶灵僵尸7     100      20      5
lj5   19   21     骷髅长枪兵7     100      10      5


lj6   19   21     半兽战士7     100      30      5
lj6   19   21     半兽人7     100      30      5
lj6   19   21     恶灵僵尸7     100      20      5
lj6   19   21     骷髅长枪兵7     100      10      5


lj7   19   21     半兽战士7     100      30      5
lj7   19   21     半兽人7     100      30      5
lj7   19   21     恶灵僵尸7     100      20      5
lj7   19   21     骷髅长枪兵7     100      10      5

lj8   19   21     半兽战士7     100      30      5
lj8   19   21     半兽人7     100      30      5
lj8   19   21     恶灵僵尸7     100      20      5
lj8   19   21     骷髅长枪兵7     100      10      5


lj9   19   21     半兽战士7     100      30      5
lj9   19   21     半兽人7     100      30      5
lj9   19   21     恶灵僵尸7     100      20      5
lj9   19   21     骷髅长枪兵7     100      10      5


lj10   19   21     半兽战士7     100      30      5
lj10   19   21     半兽人7     100      30      5
lj10   19   21     恶灵僵尸7     100      20      5
lj10   19   21     骷髅长枪兵7     100      10      5


lj1   19   21     半兽战士7     100      30      5
lj1   19   21     半兽人7     100      30      5
lj1   19   21     恶灵僵尸7     100      20      5
lj1   19   21     骷髅长枪兵7     100      10      5


lj2   19   21     半兽战士7     100      30      5
lj2   19   21     半兽人7     100      30      5
lj2   19   21     恶灵僵尸7     100      20      5
lj2   19   21     骷髅长枪兵7     100      10      5



lj3   19   21     半兽战士7     100      30      5
lj3   19   21     半兽人7     100      30      5
lj3   19   21     恶灵僵尸7     100      20      5
lj3   19   21     骷髅长枪兵7     100      10      5

lj4   19   21     半兽战士7     100      30      5
lj4   19   21     半兽人7     100      30      5
lj4   19   21     恶灵僵尸7     100      20      5
lj4   19   21     骷髅长枪兵7     100      10      5


lj5   19   21     半兽战士7     100      30      5
lj5   19   21     半兽人7     100      30      5
lj5   19   21     恶灵僵尸7     100      20      5
lj5   19   21     骷髅长枪兵7     100      10      5


lj6   19   21     半兽战士7     100      30      5
lj6   19   21     半兽人7     100      30      5
lj6   19   21     恶灵僵尸7     100      20      5
lj6   19   21     骷髅长枪兵7     100      10      5


lj7   19   21     半兽战士7     100      30      5
lj7   19   21     半兽人7     100      30      5
lj7   19   21     恶灵僵尸7     100      20      5
lj7   19   21     骷髅长枪兵7     100      10      5

lj8   19   21     半兽战士7     100      30      5
lj8   19   21     半兽人7     100      30      5
lj8   19   21     恶灵僵尸7     100      20      5
lj8   19   21     骷髅长枪兵7     100      10      5


lj9   19   21     半兽战士7     100      30      5
lj9   19   21     半兽人7     100      30      5
lj9   19   21     恶灵僵尸7     100      20      5
lj9   19   21     骷髅长枪兵7     100      10      5


lj10   19   21     半兽战士7     100      30      5
lj10   19   21     半兽人7     100      30      5
lj10   19   21     恶灵僵尸7     100      20      5
lj10   19   21     骷髅长枪兵7     100      10      5


lj1   19   21     半兽战士7     100      30      5
lj1   19   21     半兽人7     100      30      5
lj1   19   21     恶灵僵尸7     100      20      5
lj1   19   21     骷髅长枪兵7     100      10      5


lj2   19   21     半兽战士7     100      30      5
lj2   19   21     半兽人7     100      30      5
lj2   19   21     恶灵僵尸7     100      20      5
lj2   19   21     骷髅长枪兵7     100      10      5



lj3   19   21     半兽战士7     100      30      5
lj3   19   21     半兽人7     100      30      5
lj3   19   21     恶灵僵尸7     100      20      5
lj3   19   21     骷髅长枪兵7     100      10      5

lj4   19   21     半兽战士7     100      30      5
lj4   19   21     半兽人7     100      30      5
lj4   19   21     恶灵僵尸7     100      20      5
lj4   19   21     骷髅长枪兵7     100      10      5


lj5   19   21     半兽战士7     100      30      5
lj5   19   21     半兽人7     100      30      5
lj5   19   21     恶灵僵尸7     100      20      5
lj5   19   21     骷髅长枪兵7     100      10      5


lj6   19   21     半兽战士7     100      30      5
lj6   19   21     半兽人7     100      30      5
lj6   19   21     恶灵僵尸7     100      20      5
lj6   19   21     骷髅长枪兵7     100      10      5


lj7   19   21     半兽战士7     100      30      5
lj7   19   21     半兽人7     100      30      5
lj7   19   21     恶灵僵尸7     100      20      5
lj7   19   21     骷髅长枪兵7     100      10      5

lj8   19   21     半兽战士7     100      30      5
lj8   19   21     半兽人7     100      30      5
lj8   19   21     恶灵僵尸7     100      20      5
lj8   19   21     骷髅长枪兵7     100      10      5


lj9   19   21     半兽战士7     100      30      5
lj9   19   21     半兽人7     100      30      5
lj9   19   21     恶灵僵尸7     100      20      5
lj9   19   21     骷髅长枪兵7     100      10      5


lj10   19   21     半兽战士7     100      30      5
lj10   19   21     半兽人7     100      30      5
lj10   19   21     恶灵僵尸7     100      20      5
lj10   19   21     骷髅长枪兵7     100      10      5

0	665	86	弓箭守卫	0	1	1
0	672	93	弓箭守卫	0	1	1
2	417	558	弓箭守卫	0	1	1
2	416	559	弓箭守卫	0	1	1
2	423	566	弓箭守卫	0	1	1
2	424	565	弓箭守卫	0	1	1
0	340	513	弓箭守卫	0	1	1
0	341	514	弓箭守卫	0	1	1
0	367	487	弓箭守卫	0	1	1
0	368	488	弓箭守卫	0	1	1
0	318	244	弓箭守卫	0	1	1
0	300	207	弓箭守卫	0	1	1
0	310	227	弓箭守卫	0	1	1
0	313	230	弓箭守卫	0	1	1
0	309	286	弓箭守卫	0	1	1
0	329	289	弓箭守卫	0	1	1
0	355	280	弓箭守卫	0	1	1
0	362	301	弓箭守卫	0	1	1
0	374	291	弓箭守卫	0	1	1
3	325	311	弓箭守卫	0	1	1
3	348	332	弓箭守卫	0	1	1
3	296	334	弓箭守卫	0	1	1
3	302	340	弓箭守卫	0	1	1
3	305	290	弓箭守卫	0	1	1
3	288	305	弓箭守卫	0	1	1
3	302	370	弓箭守卫	0	1	1
3	335	319	弓箭守卫	0	1	1
2	510	479	弓箭守卫	0	1	1
0	567	621	弓箭守卫	0	1	1
0	600	576	弓箭守卫	0	1	1
0	662	558	弓箭守卫	0	1	1
0	320	36	弓箭守卫	0	1	1
0	327	42	弓箭守卫	0	1	1
1	566	544	弓箭守卫	0	1	1
1	555	544	弓箭守卫	0	1	1
3	273	743	弓箭守卫	0	1	1
3	274	744	弓箭守卫	0	1	1
3	512	770	弓箭守卫	0	1	1
3	519	777	弓箭守卫	0	1	1
2	292	60	弓箭守卫	0	1	1
2	298	65	弓箭守卫	0	1	1
2	552	80	弓箭守卫	0	1	1
2	560	88	弓箭守卫	0	1	1
1	46	39	弓箭守卫	0	1	1
1	52	33	弓箭守卫	0	1	1
5	136	336	弓箭守卫	0	1	1
5	131	301	弓箭守卫	0	1	1
5	140	362	弓箭守卫	0	1	1
5	169	352	弓箭守卫	0	1	1
5	164	357	弓箭守卫	0	1	1
5	122	334	弓箭守卫	0	1	1
5	143	324	弓箭守卫	0	1	1
11	43	480	弓箭守卫	0	1	1
11	49	474	弓箭守卫	0	1	1
11	353	246	弓箭守卫	0	1	1
11	357	243	弓箭守卫	0	1	1
12	327	468	弓箭守卫	0	1	1
12	320	474	弓箭守卫	0	1	1
E605	10	61	弓箭守卫	0	1	20
E605	15	68	弓箭守卫	0	1	20
D601	13	196	弓箭守卫	0	1	20
D601	7	201	弓箭守卫	0	1	20
E601	139	13	弓箭守卫	0	1	20
E601	138	12	弓箭守卫	0	1	20
D422	332	380	弓箭守卫	0	1	20
D422	328	384	弓箭守卫	0	1	20


;━━━━━━━━━━━━━━━━━━━━━━━━━━━━━━━━
;地图名：新手练级
0139	25	29	稻草人		30	60	1
0139	25	29	稻草人		30	60	1
0139	25	29	稻草人		30	60	1
0139	25	29	稻草人		30	60	1
0139	15	29	稻草人		30	60	1
0139	15	29	稻草人		30	60	1
0139	15	29	稻草人		30	60	1
;━━━━━━━━━━━━━━━━━━━━━━━━━━━━━━━━ 
;地图名：新手练级
1188	25	29	稻草人		30	60	1
1188	25	29	稻草人		30	60	1
1188	25	29	稻草人		30	60	1
1188	25	19	稻草人		30	60	1
1188	15	29	稻草人		30	60	1
1188	15	29	稻草人		30	60	1
1188	15	29	稻草人		30	60	1
;━━━━━━━━━━━━━━━━━━━━━━━━━━━━━━━━ 
;地图名：新手练级
1189	25	29	稻草人		30	60	1
1189	25	29	稻草人		30	60	1
1189	25	29	稻草人		30	60	1
1189	25	19	稻草人		30	60	1
1189	15	29	稻草人		30	60	1
1189	15	29	稻草人		30	60	1
1189	15	29	稻草人		30	60	1

;━━━━━━━━━━━━━━━━━━━━━━━━━━━━━━━━ 
;特殊
H007A	95	14	半兽战士7	2	55	8
H007A	19	19	半兽人7	       2	50	7
H007A	85	25	半兽战士7	2	50	8
H007A	73	37	半兽人7	       2	55	6
H007A	79	31	半兽战士7	2	50	8
H007A	67	43	半兽人7	       2	55	7
H007A	61	49	半兽战士7	2	55	8
H007A	55	55	半兽人7	       2	50	8
H007A	48	62	半兽战士7	2	55	8
H007A	42	68	半兽人7	       2	50	7
H007A	36	74	半兽战士7	2	50	8

H007A	183	104	半兽战士7	2	50	8
H007A	177	110	半兽战士7	2	55	8
H007A	171	116	半兽战士7	2	50	8
H007A	165	122	半兽人7	       2	55	7
H007A	159	128	半兽战士7	2	50	8
H007A	153	134	半兽战士7	2	55	6
H007A	147	140	半兽战士7	2	50	8
H007A	141	146	半兽战士7	2	55	8
H007A	135	152	半兽人7	       2	50	5
H007A	128	159	半兽战士7	2	55	8
H007A	122	165	半兽战士7	2	50	6
H007A	116	171	半兽人7	       2	55	8
H007A	110	117	半兽战士7	2	50	6
H007A	104	183	半兽战士7	2	55	8
H007A	98	189	半兽人7	       2	50	6

H007A	166	196	半兽战士7	3	50	8
H007A	160	90	半兽战士7	3	55	8
H007A	154	83	半兽战士7	3	50	8
H007A	148	77	半兽战士7	3	55	7
H007A	144	73	半兽战士7	3	50	6
H007A	138	67	半兽战士7	3	55	8
H007A	132	61	半兽战士7	3	50	6
H007A	126	55	半兽战士7	3	55	8
H007A	120	49	半兽战士7	3	50	6
H007A	114	43	半兽战士7	3	55	8
H007A	108	37	半兽战士7	3	50	8
H007A	102	31	半兽战士7	3	55	6

H007A	117	26	半兽战士7	2	55	8
H007A	123	32	半兽战士7	2	55	8
H007A	129	38	半兽战士7	2	55	6
H007A	135	44	半兽战士7	2	55	6
H007A	141	50	半兽战士7	2	55	8
H007A	147	56	半兽战士7	2	55	6
H007A	153	62	半兽战士7	2	55	8
H007A	159	68	半兽战士7	2	55	6
H007A	165	74	半兽战士7	2	55	8
H007A	171	80	半兽战士7	2	55	6
H007A	177	86	半兽战士7	2	55	8
H007A	183	92	半兽战士7	2	55	6
H007A	189	98	半兽战士7	2	55	8
H007A	150	176	半兽战士7	2	55	8
H007A	165	163	半兽战士7	2	55	8

H007A	92	185	半兽战士7	2	55	8
H007A	86	178	半兽战士7	2	55	6
H007A	80	172	半兽战士7	2	55	8
H007A	74	166	半兽战士7	2	55	7
H007A	68	160	半兽战士7	2	55	8
H007A	62	153	半兽战士7	2	55	7
H007A	56	148	半兽战士7	2	55	7
H007A	50	142	半兽战士7	2	55	7
H007A	44	136	半兽战士7	2	55	8
H007A	38	130	半兽战士7	2	55	6
H007A	32	124	半兽战士7	2	55	7
H007A	26	118	半兽战士7	2	55	6
H007A	20	112	半兽战士7	2	55	8
H007A	14	106	半兽战士7	2	55	6
H007A	10	102	半兽战士7	2	55	8

H007A	92	185	半兽人7	       3	55	8
H007A	86	178	半兽人7	       3	58	8
H007A	80	172	半兽人7	       3	50	8
H007A	74	166	半兽人7	       3	55	8
H007A	68	160	半兽人7	       3	58	6
H007A	62	153	半兽人7	       3	50	8
H007A	56	148	半兽人7	       3	55	6
H007A	50	142	半兽人7	       3	58	6
H007A	44	136	半兽人7	       3	50	8
H007A	38	130	半兽人7	       3	55	6
H007A	32	124	半兽人7	       3	58	6
H007A	26	118	半兽人7	       3	50	8
H007A	20	112	半兽人7	       3	55	7
H007A	14	106	半兽人7	       3	58	6
H007A	10	102	半兽人7	       3	50	8

H007A	14	96	半兽战士7	3	55	8
H007A	20	90	半兽战士7	3	55	5
H007A	20	91	半兽战士7	5	55	9
H007A	26	84	半兽战士7	3	55	7
H007A	32	80	半兽人7	       3	55	8
H007A	38	86	半兽战士7	5	55	6
H007A	38	92	半兽战士7	3	55	8
H007A	32	98	半兽战士7	3	55	7
H007A	36	105	半兽人7	       3	45	6
H007A	42	111	半兽战士7	5	55	8
H007A	48	117	半兽战士7	3	55	8
H007A	54	123	半兽战士7	3	55	8
H007A	60	129	半兽战士7	5	55	6
H007A	66	135	半兽战士7	3	55	8
H007A	72	141	半兽人7	       3	55	7
H007A	78	147	半兽战士7	5	55	8
H007A	84	153	半兽战士7	3	55	8
H007A	90	159	半兽战士7	3	55	6
H007A	96	165	半兽人7	       5	55	8

H007A	102	166	半兽战士7	2	58	8
H007A	106	162	半兽战士7	2	50	9
H007A	110	158	半兽战士7	2	58	8
H007A	114	154	半兽战士7	2	50	6
H007A	118	150	半兽战士7	2	58	9
H007A	122	146	半兽战士7	2	50	8
H007A	126	142	半兽战士7	2	58	8
H007A	130	138	半兽战士7	3	50	6
H007A	134	134	半兽战士7	3	58	8
H007A	138	130	半兽战士7	3	50	9
H007A	142	126	半兽战士7	3	58	8
H007A	146	122	半兽战士7	3	50	6
H007A	150	118	半兽战士7	3	58	7
H007A	154	114	半兽战士7	3	50	8
H007A	158	110	半兽战士7	3	58	8
H007A	162	106	半兽战士7	3	50	6
H007A	166	102	半兽战士7	3	58	8

H007A	98	33	半兽战士7	3	55	8
H007A	92	39	半兽战士7	3	55	7
H007A	86	45	半兽战士7	3	55	8
H007A	80	51	半兽战士7	3	55	7
H007A	74	57	半兽战士7	3	55	8
H007A	68	63	半兽战士7	3	55	7
H007A	62	69	半兽战士7	3	55	8
H007A	58	73	半兽战士7	3	55	7

H007A	81	59	恶灵僵尸7	3	45	8
H007A	85	63	恶灵僵尸7	3	48	6
H007A	81	69	恶灵僵尸7	3	44	7
H007A	75	75	恶灵僵尸7	3	48	6
H007A	69	81	恶灵僵尸7	3	48	8
H007A	63	87	恶灵僵尸7	3	40	6
H007A	57	93	恶灵僵尸7	3	42	4
H007A	53	99	恶灵僵尸7	3	46	8
H007A	59	106	恶灵僵尸7	3	45	8
H007A	65	112	恶灵僵尸7	3	40	6
H007A	71	118	恶灵僵尸7	3	45	7
H007A	77	124	恶灵僵尸7	3	48	6
H007A	83	130	恶灵僵尸7	3	45	6
H007A	89	136	恶灵僵尸7	3	48	5
H007A	95	142	恶灵僵尸7	3	46	8
H007A	101	148	恶灵僵尸7	3	48	7
H007A	107	141	恶灵僵尸7	3	46	7
H007A	114	134	恶灵僵尸7	3	48	6
H007A	120	128	恶灵僵尸7	3	46	8

H007A	126	122	恶灵僵尸7	3	40	8
H007A	132	116	恶灵僵尸7	3	45	8
H007A	138	110	恶灵僵尸7	3	40	7
H007A	144	104	骷髅长枪兵7	3	55	8
H007A	148	98	恶灵僵尸7	3	50	8
H007A	142	91	骷髅长枪兵7	3	45	7
H007A	136	85	恶灵僵尸7	3	40	6
H007A	130	79	骷髅长枪兵7	3	55	8
H007A	124	73	恶灵僵尸7	3	40	8
H007A	118	67	骷髅长枪兵7	3	45	8
H007A	112	61	恶灵僵尸7	3	50	8
H007A	106	55	骷髅长枪兵7	3	55	8
H007A	100	51	恶灵僵尸7	3	40	8
H007A	94	56	骷髅长枪兵7	5	55	7
H007A	88	62	恶灵僵尸7	3	40	8

H007A	123	115	骷髅长枪兵7	10	46	8
H007A	125	102	骷髅长枪兵7	4	42	6
H007A	129	97	骷髅长枪兵7	4	46	8
H007A	124	90	骷髅长枪兵7	4	42	6
H007A	118	84	骷髅长枪兵7	4	46	7
H007A	112	78	骷髅长枪兵7	4	42	9
H007A	106	72	骷髅长枪兵7	4	46	8
H007A	99	70	骷髅长枪兵7	4	32	6
H007A	94	75	骷髅长枪兵7	4	46	8
H007A	88	82	骷髅长枪兵7	4	42	8
H007A	82	87	骷髅长枪兵7	4	46	8
H007A	76	93	骷髅长枪兵7	4	42	8
H007A	74	99	骷髅长枪兵7	4	46	8
H007A	80	105	骷髅长枪兵7	4	42	7
H007A	87	112	骷髅长枪兵7	4	45	6
H007A	93	118	骷髅长枪兵7	4	46	8
H007A	99	124	骷髅长枪兵7	4	42	7
H007A	105	121	骷髅长枪兵7	4	46	6
H007A	111	115	骷髅长枪兵7	2	42	8
H007A	102	95	骷髅锤兵7	5	45	8
H007A	102	95	骷髅锤兵7	3	40	8
H007A	102	95	骷髅长枪兵7	5	45	8
H007A	155	170	半兽战士7	20	40	8
H007A	155	170	半兽人7	       25	40	7



H007A	21	86	电僵王7	       5	1	20
H007A	127	98	电僵王7	       5	1	20
H007A	76	55	电僵王7	       2	1	20
H007A	147	94	电僵王7	       2	1	20
H007A	101	48	触龙神7	       0	1	20
H007A	127	92	触龙神7	       0	1	20
H007A	82	59	触龙神7	       0	1	20
H007A	70	98	双头血魔	2	4	10
H007A	47	139	双头金刚	4	4	10
H007A	65	157	重装使者	5	2	15
H007A	70	98	暗之魔龙力士	120	10	30
H007A	80	50	暗之魔龙战将	120	10	30
H007A	155	170	暗之魔龙巨蛾	120	10	30
H007A	70	98	牛魔王	        40	 3	20
H007A   155	170     魔龙教主        120      1      60

H008A	70	98	双头血魔	2	4	10
H008A	47	139	双头金刚	4	4	10
H008A	65	157	重装使者	5	10	10
H008A	70	98	暗之魔龙力士	80	10	10
H008A	80	50	暗之魔龙战将	80	10	10
H008A	155	170	暗之魔龙巨蛾	120	10	10
H008A	70	98	牛魔王	        40	2	30
H008A   155	170     魔龙教主        120      1      30
H008A   155	170     暗之魔龙教主    120      1      30






3	356	341	打我爆终极	1	1	60


D5072	50	50	祖玛雕像	50	35	4
D5072	50	50	祖玛卫士	50	35	4
D5072	50	50	祖玛弓箭手	50	35	4
D5072	50	50	楔蛾		50	35	4
D5072	50	50	角蝇		50	5	4
;;捞亥飘己	阁胶磐
D5072	50	50	祖玛雕像3	50	10	5
D5072	50	50	祖玛卫士3	50	10	5
D5072	50	50	祖玛弓箭手3	50	10	5
;;磐瘤绰	阁胶磐
D5072	50	50	祖玛雕像0	50	8	5
D5072	50	50	祖玛卫士0	50	8	5
D5072	50	50	祖玛弓箭手0	50	8	5

D5073	50	50	祖玛雕像	50	35	4
D5073	50	50	祖玛卫士	50	35	4
D5073	50	50	祖玛弓箭手	50	35	4
D5073	50	50	楔蛾		50	35	4
D5073	50	50	角蝇		50	5	4
;;捞亥飘己阁胶磐
D5073	50	50	祖玛雕像3	50	10	5
D5073	50	50	祖玛卫士3	50	10	5
D5073	50	50	祖玛弓箭手3	50	10	5
;;磐瘤绰	阁胶磐
D5073	50	50	祖玛雕像0	50	8	5
D5073	50	50	祖玛卫士0	50	8	5
D5073	50	50	祖玛弓箭手0	50	8	5

D5074	50	50	祖玛雕像	50	35	4
D5074	50	50	祖玛卫士	50	35	4
D5074	50	50	祖玛弓箭手	50	35	4
D5074	50	50	楔蛾		50	35	4
D5074	50	50	角蝇		50	10	4
D5074	73	22	祖玛雕像	7	10	3
D5074	73	22	祖玛卫士	7	10	3
D5074	73	22	祖玛弓箭手	7	5	3
D5074	73	22	楔蛾		7	5	3
D5074	73	22	角蝇		7	3	3
;;极品
D5074	50	50	祖玛雕像3	50	6	5
D5074	50	50	祖玛卫士3	50	6	5
D5074	50	50	祖玛弓箭手3	50	6	5
;特殊
D5074	50	50	祖玛雕像0	50	6	5
D5074	50	50	祖玛卫士0	50	6	5
D5074	50	50	祖玛弓箭手0	50	6	5
D515	22	20	角蝇		20	4	10
D515	19	24	祖玛教主	0	1	60
D515	19	24	暗之魔龙教主	6	2	60
D515	19	24	魔龙教主	4	2	30






;;籍阿6摸
D716	25	25	红野猪	25	5	10
D716	25	25	黑野猪	25	5	10
D716	25	25	楔蛾	25	8	10
D716	25	25	蝎蛇	25	5	10
D716	25	25	黑色恶蛆	25	8	10
D716	25	25	角蝇	25	2	10
;特殊
D716	25	25	黑野猪0	25	2	120

;;籍阿7摸
D717	100	100	黑色恶蛆	100	100	15
D717	100	100	楔蛾		100	100	15
D717	100	100	白野猪0		100	28	120
D717	100	100	白野猪		100	5	120
D717	100	100	白野猪		100	5	180
D717	100	100	邪恶毒蛇	100	2	120
D717	100	100	角蝇		100	15	10












;;尸王殿
Q004	15	15	尸王2	5	20	15
Q004	15	15	尸王	5	20	15


;d10061
D10061	15	18	月魔蜘蛛	12	5	7
D10061	13	18	月魔蜘蛛	12	7	6
D10061	13	18	月魔蜘蛛	12	7	6
D10061	13	18	钢牙蜘蛛	12	10	6
D10061	13	18	暴牙蜘蛛	12	9	6
D10061	15	21	黑锷蜘蛛	12	5	7
D10061	16	19	血巨人		12	5	7
D10061	16	19	血僵尸		12	7	6
D10061	15	18	双头血魔	12	1	120
D10061	15	18	双头金刚	12	1	120
;特殊
D10061	15	18	月魔蜘蛛0	12	2	30
D10061	15	18	血巨人0	12	2	60
D10061	15	18	血僵尸0	12	2	60
D10061	15	18	黑锷蜘蛛0	12	3	60
D10061	15	18	暴牙蜘蛛0	12	3	60

;d10062
D10062	23	18	赤月恶魔	0	1	120
D10062	17	19	月魔蜘蛛	14	6	6
D10062	17	19	月魔蜘蛛	14	7	5
D10062	15	19	花吻蜘蛛	14	8	6
D10062	15	19	钢牙蜘蛛	14	4	6
D10062	15	19	暴牙蜘蛛	14	8	6
D10062	17	17	黑锷蜘蛛	14	4	6
D10062	17	17	黑锷蜘蛛	14	6	7
D10062	16	18	血巨人	14	3	7
D10062	16	18	血僵尸	14	3	7

D10062	17	19	月魔蜘蛛0	14	2	30
D10062	17	19	花吻蜘蛛0	14	2	60
D10062	17	19	钢牙蜘蛛0	14	2	60
D10062	17	19	暴牙蜘蛛0	14	2	60
D10062	17	19	剧毒蜘蛛0	14	2	60
D10062	17	19	黑锷蜘蛛0	14	2	60
D10062	17	19	血巨人0	14	1	60
D10062	17	19	血僵尸0	14	1	60


1002	14	13	鹰卫	0	1	120

;绝情谷
D717	83	25	石墓尸王	0	1	120


;封魔谷
1	51	165	弓箭守卫	0	1	1
1	51	172	弓箭守卫	0	1	1
4	443	184	恶魔弓箭手	0	1	1
4	443	192	恶魔弓箭手	0	1	1
4	256	231	恶魔弓箭手	0	1	1
4	251	236	恶魔弓箭手	0	1	1
4	255	230	恶魔弓箭手	0	1	1
4	250	235	恶魔弓箭手	0	1	1
4	254	229	恶魔弓箭手	0	1	1
4	249	234	恶魔弓箭手	0	1	1
4	253	228	恶魔弓箭手	0	1	1
4	248	233	恶魔弓箭手	0	1	1
4	252	227	恶魔弓箭手	0	1	1
4	247	232	恶魔弓箭手	0	1	1
4	257	186	恶魔弓箭手	0	1	1
4	253	183	恶魔弓箭手	0	1	1
4	256	187	恶魔弓箭手	0	1	1
4	252	184	恶魔弓箭手	0	1	1
4	255	188	恶魔弓箭手	0	1	1
4	251	185	恶魔弓箭手	0	1	1
4	254	189	恶魔弓箭手	0	1	1
4	250	186	恶魔弓箭手	0	1	1
4	253	190	恶魔弓箭手	0	1	1
4	249	187	恶魔弓箭手	0	1	1
4	215	193	恶魔弓箭手	0	1	1
4	219	189	恶魔弓箭手	0	1	1

4	322	334	半兽战士	90	40	5
4	322	334	半兽勇士9	90	20	7
4	322	334	半兽勇士1	90	10	7
4	322	334	骷髅	90	20	5
4	322	334	骷髅战士	90	20	5
4	322	334	骷髅战将	90	20	5
4	322	334	掷斧骷髅	90	20	5

4	348	190	半兽战士	90	40	5
4	348	190	半兽勇士9	90	20	7
4	348	190	半兽勇士1	90	10	7
4	348	190	骷髅	90	20	5
4	348	190	骷髅战士	90	20	5
4	348	190	骷髅战将	90	20	5
4	348	190	掷斧骷髅	90	20	5

4	107	138	半兽战士	90	40	5
4	107	138	半兽勇士9	90	20	7
4	107	138	半兽勇士1	90	10	7
4	107	138	骷髅	90	20	5
4	107	138	骷髅战士	90	20	5
4	107	138	骷髅战将	90	20	5
4	107	138	掷斧骷髅	90	20	5

4	126	311	半兽战士	90	40	5
4	126	311	半兽勇士9	90	20	7
4	126	311	半兽勇士1	90	10	7
4	126	311	骷髅	90	20	5
4	126	311	骷髅战士	90	20	5
4	126	311	骷髅战将	90	20	5
4	126	311	掷斧骷髅	90	20	5

4	199	99	骷髅	50	20	6
4	199	99	骷髅战士	50	20	6
4	199	99	骷髅战将	50	20	6
4	199	99	掷斧骷髅	50	20	6

4	274	259	骷髅	15	4	6
4	274	259	骷髅战士	15	4	6
4	274	259	骷髅战将	15	4	6
4	274	259	掷斧骷髅	15	4	6
4	274	259	僵尸2	15	4	6

4	170	267	骷髅	15	4	6
4	170	267	骷髅战士	15	4	6
4	170	267	骷髅战将	15	4	6
4	170	267	掷斧骷髅	15	4	6
4	170	267	僵尸2	15	4	6

4	289	154	骷髅	15	4	6
4	289	154	骷髅战士	15	4	6
4	289	154	骷髅战将	15	4	6
4	289	154	掷斧骷髅	15	4	6
4	289	154	僵尸2	15	4	6

4	443	192	半兽勇士9	20	5	7
4	443	192	半兽战士	20	10	7
4	443	192	骷髅战士	20	5	7
4	443	192	骷髅	20	5	7
4	443	192	掷斧骷髅	20	5	7

4	73	85	半兽勇士9	20	10	7
4	73	85	半兽勇士1	20	5	7
4	73	85	骷髅战将	20	5	7
4	73	85	僵尸1	20	5	7
4	73	85	僵尸2	20	5	7

;特殊
4	322	334	半兽战士0	80	4	15
4	348	190	半兽勇士	80	2	25
4	107	138	僵尸20	80	4	15
4	126	311	骷髅战士0	80	4	15
4	322	334	骷髅战将0	65	4	15
4	348	190	掷斧骷髅0	65	4	15
4	107	138	骷髅0	65	4	15
4	443	192	骷髅战士0	20	2	15
4	73	85	僵尸10	20	2	15
4	107	138	骷髅精灵	80	2	60
4	322	334	半兽统领	80	2	60
B341	21	25	沃玛卫士	20	2	60




;霸者大厅
D2008	41	74	红野猪		200	30	10
D2008	41	74	黑野猪		200	30	10
D2008	41	74	白野猪0		200	15	20
D2008	41	74	黑色恶蛆	200	60	10
D2008	41	74	角蝇		100	3	7
D2008	41	74	虹魔猪卫0	100	3	30
;;特殊
D2008	41	74	红野猪0		100	1	20
D2008	41	74	黑野猪0		100	1	20
D2008	41	74	白野猪		100	2	120	
D2008	41	74	黑色恶蛆0	100	2	20
D2008	41	74	虹魔猪卫	100	1	60





D2076	90	105	牛魔战士	150	40	5
D2076	90	105	牛魔斗士	150	40	5
D2076	90	105	牛魔侍卫	150	60	5
D2076	90	105	牛魔法师	150	40	5
D2076	90	105	牛魔将军	150	10	5
D2076	90	105	牛魔战士0	150	4	60
D2076	90	105	牛魔斗士0	150	4	60
D2076	90	105	牛魔侍卫0	150	2	60
D2076	90	105	牛魔法师0	150	2	60
D2076	90	105	牛魔将军0	150	2	60
D2076	90	105	宝箱1	150	2	60
D2076	90	105	宝箱3	150	2	60
D2076	90	105	宝箱6	150	1	60
D2076	90	105	牛魔战士	150	20	5
D2076	90	105	牛魔斗士	150	20	5
D2076	90	105	牛魔侍卫	150	20	5
D2076	90	105	牛魔法师	150	30	5
D2076	90	105	牛魔将军	150	10	5
D2076	90	105	牛魔战士0	150	2	60
D2076	90	105	牛魔斗士0	150	2	60
D2076	90	105	牛魔侍卫0	150	1	60
D2076	90	105	牛魔法师0	150	1	60
D2076	90	105	牛魔将军0	150	1	60


D2078	150	150	牛魔战士	120	30	5
D2078	150	150	牛魔斗士	120	30	5
D2078	150	150	牛魔侍卫	120	30	5
D2078	150	150	牛魔法师	120	30	5
D2078	150	150	牛魔将军	120	20	5
D2078	150	150	牛魔祭司	120	20	5
D2078	150	150	牛魔战士0	120	2	60
D2078	150	150	牛魔斗士0	120	2	60
D2078	150	150	牛魔侍卫0	120	2	60
D2078	150	150	牛魔法师0	120	2	10
D2078	150	150	牛魔将军0	120	2	10
D2078	150	150	牛魔祭司0	120	2	10
D2078	150	150	牛魔侍卫	120	30	10
D2078	150	150	牛魔法师	120	40	10
D2078	150	150	牛魔将军	120	10	5
D2078	150	150	牛魔祭司	120	10	5
D2078	150	150	牛魔战士0	120	2	60
D2078	150	150	牛魔斗士0	120	2	60
D2078	250	250	暗之触龙神	0	1	120

D2079	50	50	牛魔侍卫	70	10	5
D2079	50	50	牛魔将军	70	10	10
D2079	50	50	牛魔祭司	70	10	10
D2079	50	50	牛魔斗士	120	20	10
D2079	50	50	牛魔侍卫	120	20	10
D2079	50	50	牛魔法师	120	20	10
D2079	50	50	牛魔侍卫	70	20	10
D2079	50	50	牛魔法师	70	20	16
D2079	50	50	牛魔将军	70	8	5
D2079	50	50	牛魔祭司	70	8	5
D2079	50	50	牛魔侍卫	70	20	16
D2079	50	50	牛魔法师	70	20	16
D2079	50	50	牛魔将军	70	10	8
D2079	50	50	牛魔祭司	70	10	8
D2079	50	50	牛魔侍卫0	70	4	10
D2079	50	50	牛魔法师0	70	4	10
D2079	50	50	牛魔将军0	70	2	10
D2079	50	50	牛魔祭司0	70	2	10
D2079	50	50	牛魔王		1	1	120
D2079	50	50	暗之牛魔王	1	1	120
D2079	50	50	暗之魔龙教主	3	2	60
D2079	50	50	魔龙教主	3	2	30




1002    15      18      虎卫            5       2      120

;-----------------------------------------------------
;魔龙	 		 		 		 		
;-----------------------------------------------------
6  150 150 魔龙邪眼 250  20  15
6  150 150 魔龙邪眼 250  20  15
6  150 150 魔龙血蛙 250  20  15
6  150 150 魔龙血蛙 250  20  15
6  150 150 魔龙血蛙0 250  2  15
6  150 150 魔龙血蛙 250  20  10
6  150 150 魔龙射手 250  20  5
6  150 150 魔龙射手 250  20  5
6  150 150 魔龙射手0 250  4  10
6  150 150 魔龙刺蛙 250  15  5
6  150 150 魔龙刺蛙 250  15  5
6  150 150 魔龙刺蛙0 250  2  5

;地图名：魔龙东郊
61  150 150 魔龙刀兵 250  20  5
61  150 150 魔龙刀兵0 250  2  5
61  150 150 魔龙刀兵 250  20  10
61  150 150 魔龙刀兵0 250  2  10
61  150 150 魔龙破甲兵 250  20  5
61  150 150 魔龙破甲兵0 250  2  5
61  150 150 魔龙破甲兵 250  20  10
61  150 150 魔龙破甲兵0 250  2  10
61  150 150 魔龙刀兵 250  20  10
61  150 150 魔龙破甲兵 250  20  10

;地图名：魔龙西郊
62  150 150 魔龙刀兵 250  25  5
62  150 150 魔龙刀兵 250  25  10
62  150 150 魔龙破甲兵 250  25  5
62  150 150 魔龙破甲兵 250  25  10
62  150 150 魔龙刀兵 250  25  10
62  150 150 魔龙破甲兵 250  25  10

;地图名：东林间胜地
611  150 150 魔龙刀兵 250  25  5
611  150 150 魔龙破甲兵0 250  5  5
611  150 150 魔龙刀兵 250  25  10
611  150 150 魔龙刀兵0 250  5  20
611  150 150 魔龙破甲兵 250  25  5
611  150 150 魔龙破甲兵 250  25  10
611  150 150 魔龙破甲兵 250  25  20
611  150 150 魔龙射手 250  25  5
611  150 150 魔龙射手 250  25  10
611  150 150 魔龙射手0 250  5  20

;地图名：魔龙旧寨
612  150 150 魔龙刀兵 250  25  5
612  150 150 魔龙刀兵 250  25  10
612  150 150 魔龙刀兵0 250  5  20
612  150 150 魔龙破甲兵 250  25  5
612  150 150 魔龙破甲兵 250  25  10
612  150 150 魔龙破甲兵0 250  5  20
612  150 150 魔龙射手 250  25  5
612  150 150 魔龙射手 250  25  10
612  150 150 魔龙射手0 250  5  20

;地图名：魔龙祭坛
613  150 150 魔龙刀兵 250  25  5
613  150 150 魔龙刀兵 250  35  10
613  150 150 魔龙刀兵0 250  2  5
613  150 150 魔龙破甲兵 250  25  5
613  150 150 魔龙破甲兵 250  35  10
613  150 150 魔龙破甲兵0 250  3  10
613  150 150 魔龙射手 250  25  5
613  150 150 魔龙射手 250  25  10
613  150 150 魔龙射手0 250  2  10

;地图名：西林间胜地
621  150 150 魔龙刀兵 250  15  5
621  150 150 魔龙刀兵 250  15  10
621  150 150 魔龙刀兵0 250  1  10
621  150 150 魔龙破甲兵 250  15  5
621  150 150 魔龙破甲兵 250  15  10
621  150 150 魔龙破甲兵0 250  1  10
621  150 150 魔龙射手 250  15  5
621  150 150 魔龙射手 250  15  10
621  150 150 魔龙射手0 250  1  10

;地图名：魔龙沼泽
622 252 96 魔龙邪眼0 0 1 120
622  150 150 魔龙刀兵 250  25  5
622  150 150 魔龙刀兵 250  35  10
622  150 150 魔龙刀兵0 250  3  10
622  150 150 魔龙破甲兵 250  25  5
622  150 150 魔龙破甲兵 250  35  10
22  150 150 魔龙破甲兵0 250  3  10
622  150 150 魔龙射手 250  25  5
622  150 150 魔龙射手 250  35  10
622  150 150 魔龙射手0 250  3  10

;地图名：魔龙殿
EM100 14 16 暗之魔龙战将 5 1 20
EM100 14 16 暗之魔龙力士 5 1 20
EM100 14 16 暗之魔龙巨蛾 5 1 20
EM100 14 16 魔龙战将 5 1 10
EM100 14 16 魔龙力士 5 1 10
EM100 14 16 魔龙巨蛾 5 1 10
EM100 14 16 暗之魔龙教主 5 1 60
EM100 14 16 魔龙教主 5 1 60

;地图名：魔龙岭
63  150 150 魔龙刀兵 250  25  5
63  150 150 魔龙刀兵 250  25  10
63  150 150 魔龙刀兵0 250  25  10
63  150 150 魔龙刀兵0 250  5  20
63  150 150 魔龙破甲兵 250  25  5
63  150 150 魔龙破甲兵 250  25  10
63  150 150 魔龙破甲兵0 250  25  10
63  150 150 魔龙破甲兵2 250  5  10
63  150 150 魔龙射手 250  25  5
63  150 150 魔龙射手 250  25  10
63  150 150 魔龙射手0 250  25  10
63  150 150 魔龙射手0 250  5  20

;地图名：东魔龙关
632 26 37 魔龙刀兵0 10 10 10
632 26 37 魔龙破甲兵0 10 10 10
632 26 37 魔龙射手0 10 10 10

632 26 37 魔龙刀兵 10 10 10
632 26 37 魔龙破甲兵 10 10 10
632 26 37 魔龙射手 10 10 10


632  150 150   触龙神 250  5  10
632  150 150   触龙神 250  5  10
632  150 150 魔龙刀兵 250  25  5
632  150 150 魔龙刀兵1 250  25  10
632  150 150 魔龙刀兵0 250  25  10
632  150 150 魔龙刀兵0 250  5  20
632  150 150 魔龙破甲兵1 250  25  5
632  150 150 魔龙破甲兵 250  25  10
632  150 150 魔龙破甲兵0 250  25  10
632  150 150 魔龙破甲兵0 250  5  10
632  150 150 魔龙射手 250  25  5
632  150 150 魔龙射手 250  25  10
632  150 150 魔龙射手0 250  25  10
632  150 150 魔龙射手1 250  5  20

;地图名：西魔龙关
631 96 24 魔龙刀兵0 10 5  5
631 96 24 魔龙破甲兵0 10 5  5
631 96 24 魔龙射手0 10 5  5


631 96 24 魔龙刀兵 10 5  5
631 96 24 魔龙破甲兵 10 5  5
631 96 24 魔龙射手 10 5  5


631 96 24 魔龙刀兵 10 5  5
631 96 24 魔龙破甲兵 10 5  5
631 96 24 魔龙射手 10 5  5

631  150 150 魔龙刀兵 250  15  5
631  150 150 魔龙刀兵 250  10  10
631  150 150 魔龙刀兵1 250  15  10
631  150 150 魔龙刀兵0 250  5  20
631  150 150 魔龙破甲兵 250  10  5
631  150 150 魔龙破甲兵 250  10  10
631  150 150 魔龙破甲兵1 250  15  10
631  150 150 魔龙破甲兵0 250  5  10
631  150 150 魔龙射手 250  15  5
631  150 150 魔龙射手 250  15  10
631  150 150 魔龙射手1 250  15  10
631  150 150 魔龙射手0 250  5  20

;地图名：魔龙谷
64  150 150 魔龙刀兵 250  25  5
64  150 150 魔龙刀兵 250  25  10
64  150 150 魔龙刀兵0 250  25  10
64  150 150 魔龙刀兵1 250  5  20
64  150 150 魔龙破甲兵 250  25  5
64  150 150 魔龙破甲兵 250  25  10
64  150 150 魔龙破甲兵0 250  25  10
64  150 150 魔龙破甲兵1 250  5  10
64  150 150 魔龙射手 250  25  5
64  150 150 魔龙射手 250  25  10
64  150 150 魔龙射手0 250  25  10
64  150 150 魔龙射手1 250  5  20

;地图名：龙源血路
65  150 150 魔龙刀兵 250  45  5
65  150 150 魔龙刀兵 250  45  10
65  150 150 魔龙刀兵0 250  45  10
65  150 150 魔龙刀兵1 250  5  20
65  150 150 魔龙破甲兵 250  45  5
65  150 150 魔龙破甲兵 250  45  10
65  150 150 魔龙破甲兵0 250  45  10
65  150 150 魔龙破甲兵1 250  5  10
65  150 150 魔龙射手 250  45  5
65  150 150 魔龙射手 250  45  10
65  150 150 魔龙射手0 250  45  10
65  150 150 魔龙射手1 250  5  20
65  150 150 魔龙力士 250 1 10
65  150 150 魔龙力士 250 3 20
65  150 150 魔龙战将 250 1 10
65  150 150 魔龙巨蛾 250 3 20
65  150 150 魔龙巨蛾 250 1 10
65  150 150 魔龙战将 250 3 20

;地图名：魔龙血域
66  150 150 魔龙刀兵 250  50  5
66  150 150 魔龙刀兵 250  50  10
66  150 150 魔龙刀兵0 250  25  10
66  150 150 魔龙刀兵1 250  5  20
66  150 150 魔龙破甲兵 250  50  5
66  150 150 魔龙破甲兵 250  50  10
66  150 150 魔龙破甲兵0 250  25  10
66  150 150 魔龙破甲兵1 250  5  10
66  150 150 魔龙射手 250  50  5
66  150 150 魔龙射手 250  50  10
66  150 150 魔龙射手0 250  25  10
66  150 150 魔龙射手1 250  15  20
66  150 150 魔龙力士0 250 1 20
66  150 150 魔龙力士 250 1  20
66  150 150 魔龙巨蛾 250 1  20
66  150 150 魔龙巨蛾0 250 1 20
66  150 150 魔龙战将 250 1  20
66  150 150 魔龙战将0 250 1 20
66  115 156 魔龙教主 50 1 60
66  115 156 暗之魔龙教主 50 1 60

;地图名：BOSS之家
BSZJ	140	135	红野猪0		200	2	20
BSZJ	140	135	邪恶钳虫	200	2	20
BSZJ	140	135	白野猪		200	10	20
BSZJ	140	135	牛魔法师0	200	20	10
BSZJ	140	135	虹魔猪卫	200	1	91
BSZJ	140	135	魔龙教主1	200	1	89
BSZJ  150 150 魔龙力士  250 1 50
BSZJ  150 150 魔龙力士   250 1 60
BSZJ  150 150 魔龙巨蛾   250 1 60
BSZJ  150 150 魔龙巨蛾  250 1 50
BSZJ  150 150 魔龙战将   250 1 60
BSZJ  150 150 魔龙战将  250 1 50
BSZJ	140	135	牛魔将军	200	35	10
BSZJ    140	135	牛魔祭司	200	35	10
BSZJ	140	135	牛魔侍卫	200	50	10
BSZJ	140	135	牛魔法师	200	20	10
BSZJ	140	135	牛魔王		200	1	54
BSZJ	140	135	暗之牛魔王	200	1	55
BSZJ	140	135	祖玛雕像3	200	50	8
BSZJ	140	135	祖玛卫士3	200	50	8
BSZJ	140	135	祖玛弓箭手3	200	50	8
BSZJ	140	135	双头血魔7	120	1	85
BSZJ	140	135	双头金刚7	120	1	75
BSZJ	140	135	赤月恶魔	120	1	77
BSZJ	140	135	祖玛教主	220	1	59
BSZJ	140	135	黄泉教主  	220	1	58
BSZJ	140	135	触龙神7  	220	10	10
BSZJ	140	135	虹魔教主  	220	1	56
BSZJ	140	135	重装使者7  	220	1	57

;地图名：BOSS之家
BSZJ1	140	135	红野猪0		200	20	20
BSZJ1	140	135	邪恶钳虫	200	10	20
BSZJ1	140	135	白野猪		200	10	20
BSZJ1	140	135	牛魔法师0	200	20	10
BSZJ1	140	135	虹魔猪卫	200	1	91
BSZJ1	140	135	魔龙教主1	200	1	89
BSZJ1	140	135	魔龙教主7	200	1	89
BSZJ1  150 150 魔龙力士0  250 1 50
BSZJ1  150 150 魔龙力士  250 1 50
BSZJ1  150 150 魔龙力士7   250 1 60
BSZJ1  150 150 魔龙力士   250 1 60
BSZJ1  150 150 魔龙巨蛾7   250 1 60
BSZJ1  150 150 魔龙巨蛾0  250 1 50
BSZJ1  150 150 魔龙巨蛾   250 1 50
BSZJ1  150 150 魔龙战将7   250 1 60
BSZJ1  150 150 魔龙战将0  250 1 50
BSZJ1	150	135	牛魔将军	200	85	10
BSZJ1   150	135	牛魔祭司	200	85	10
BSZJ1	140	135	牛魔侍卫	200	80	10
BSZJ1	140	135	牛魔法师	200	80	10
BSZJ1	140	135	牛魔王		200	1	54
BSZJ1	140	135	暗之牛魔王	200	1	55
BSZJ1	140	135	祖玛雕像3	200	70	5
BSZJ1	140	135	祖玛卫士3	200	70	5
BSZJ1	140	135	祖玛弓箭手3	200	70	5
BSZJ1	140	135	双头血魔7	120	1	85
BSZJ1	140	135	双头金刚7	120	1	75
BSZJ1	140	135	赤月恶魔	120	1	77
BSZJ1	140	135	祖玛教主	220	1	59
BSZJ1	140	135	黄泉教主  	220	1	58
BSZJ1	140	135	触龙神7  	220	10	10
BSZJ1	140	135	虹魔教主  	220	1	56
BSZJ1	140	135	重装使者7  	220	1	57
BSZJ1	140	135	 触龙神 250  5  10
BSZJ1	140	135	 触龙神 250  5  10
BSZJ1	140	135	 魔龙刀兵 250  35  5
BSZJ1	140	135	 魔龙刀兵1 250  35  10
BSZJ1	140	135	 魔龙刀兵0 250  35  10
BSZJ1	140	135	魔龙破甲兵1 250  35  5
BSZJ1	140	135	魔龙破甲兵 250  35  10
BSZJ1	140	135	魔龙破甲兵0 250  35  10
BSZJ1	140	135	魔龙破甲兵0 250  35  10
BSZJ1	140	135	魔龙射手 250  15  5
BSZJ1	140	135     魔龙射手 250  15  10
BSZJ1	140	135	魔龙射手0 250  15  10
BSZJ1	140	135	魔龙射手1 250  5  20













;地图名：幻境一层
H001 75 75 恶灵僵尸   75 20  20
H001 75 75 恶灵僵尸   75 20  20
H001 75 75 恶灵僵尸   75 20  20
H001 75 75 恶灵僵尸   75 20  20
H001 75 75 恶灵尸王   75 20  20
H001 75 75 恶灵僵尸   75 20  20
H001 75 75 恶灵僵尸   75 20  20
H001 75 75 宝箱       75 10  40
H001 75 75 尸王       75  2  30
H001 75 75 尸王       75  2  30
H001 75 75 骷髅精灵   75  2  15
H001 75 75 骷髅精灵   75  2  15
H001 75 75 骷髅精灵   75  2  15 

;━━━━━━━━━━━━━━━━━━━━━━━━━━━━━━━━ 
;地图名：幻境二层
H002   251  41     红野猪        30     20       10
H002   321  72     红野猪        30     20       10
H002   363  146    红野猪        30     20       10
H002   172  59     红野猪        30     20       10
H002   210  93     红野猪        30     20       10
H002   262  140    红野猪        30     20       10
H002   309  19     红野猪        30     20       10
H002   350  303    红野猪        30     20       10
H002   111  105    红野猪        30     20       10
H002   158  149    红野猪        30     20       10
H002   200  200    红野猪        30     20       10
H002   255  306    红野猪        30     20       10
H002   287  286    红野猪        30     20       10
H002   56   158    红野猪        30     20       10
H002   153  237    红野猪        30     20       10
H002   112  250    红野猪        30     20       10
H002   114  314    红野猪        30     20       10
H002   304  340    红野猪        30     20       10
H002   251  41     黑野猪        30     20       10
H002   321  72     黑野猪        30     20       10
H002   363  146    黑野猪        30     20       10
H002   172  59     黑野猪        30     20       10
H002   210  93     黑野猪        30     20       10
H002   262  140    黑野猪        30     20       10
H002   309  19     黑野猪        30     20       10
H002   350  303    黑野猪        30     20       10
H002   111  105    黑野猪        30     20       10
H002   158  149    黑野猪        30     20       10
H002   200  200    黑野猪        30     20       10
H002   255  306    黑野猪        30     20       10
H002   287  286    黑野猪        30     20       10
H002   56   158    黑野猪        30     20       10
H002   153  237    黑野猪        30     20       10
H002   112  250    黑野猪        30     20       10
H002   114  314    黑野猪        30     20       10
H002   304  340    黑野猪        30     20       10
H002   251  41     红野猪        30     20       10
H002   321  72     红野猪        30     20       10
H002   363  146    红野猪        30     20       10
H002   172  59     红野猪        30     20       10
H002   210  93     黑野猪        30     20       10
H002   262  140    黑野猪        30     20       10
H002   309  19     黑野猪        30     20       10
H002   350  303    黑野猪        30     20       10
H002   111  105    黑野猪        30     20       10
H002   158  149    红野猪        30     20       10
H002   200  200    红野猪        30     20       10
H002   255  306    红野猪        30     20       10
H002   287  286    红野猪        30     20       10
H002   56   158    红野猪        30     20       10
H002   153  237    红野猪        30     20       10
H002   112  250    黑野猪        30     20       10
H002   114  314    黑野猪        30     20       10
H002   304  340    黑野猪        30     20       10
H002   200  200    楔蛾          200    20       10
H002   200  200    蝎蛇          200    20       10   

;━━━━━━━━━━━━━━━━━━━━━━━━━━━━━━━━ 
;地图名：幻境三层
H003    40      40      沃玛勇士       20      15        5 
H003    40      40      沃玛战将       20      15        5 
H003    40      40      火焰沃玛       20      15        5 
H003    40      40      沃玛战士       20      15        5 
H003    50      50      沃玛勇士       20      15        5
H003    60      60      沃玛勇士       20      15        5 
H003    60      60      沃玛战将       20      15        5 
H003    60      60      火焰沃玛       20      15        5 
H003    60      60      沃玛战士       20      15        5 
H003    40      50      沃玛战将       20      15        5
H003    40      50      火焰沃玛       20      15        5
H003    40      50      沃玛战将       20      15        5
H003    50      40      沃玛勇士       20      15        5
H003    50      40      沃玛战将       20      15        5
H003    50      40      火焰沃玛       20      15        5
H003    50      40      沃玛战士       20      15        5
H003    60      50      沃玛勇士       20      15        5
H003    60      50      沃玛战将       20      15        5
H003    60      50      火焰沃玛       20      15        5
H003    60      50      沃玛战士       20      15        5
H003    50      60      沃玛勇士       20      15        5
H003    50      60      沃玛战将       20      15        5
H003    50      60      火焰沃玛       20      15        5
H003    50      60      沃玛战士       20      15        5
H003    20      21      沃玛勇士        7      15        5
H003    20      21      沃玛战将        7      15        5
H003    20      21      火焰沃玛        7      15        5
H003    20      21      沃玛战士        7      15        5 
H003    50      50      沃玛教主        30      1       60
H003    50      50      沃玛卫士       30      2       30 
;━━━━━━━━━━━━━━━━━━━━━━━━━━━━━━━━ 
;地图名：幻境四层
H004   19   39     黑色恶蛆       70     20       7
H004   97   81     黑色恶蛆       70     20       7
H004   57   166    黑色恶蛆       70     20       7
H004   178  127    黑色恶蛆       70     20       7
H004   19   39     巨型蠕虫       70     20        7
H004   97   81     巨型蠕虫       70     20        7
H004   57   166    巨型蠕虫       70     20        7
H004   178  127    巨型蠕虫       70     20        7
H004   19   39     跳跳蜂         70     20        7
H004   97   81     跳跳蜂         70     20        7
H004   57   166    跳跳蜂         70     20        7
H004   178  127    跳跳蜂         70     20        7
H004   19   39     钳虫           70     20       7
H004   97   81     钳虫           70     20       7
H004   57   166    钳虫           70     20       7
H004   178  127    钳虫           70     20       7
H004   100  100    钳虫           100    10       10
H004   100  100    钳虫           100    10       10
H004   100  100    蜈蚣           100    70       7
H004   100  100    蜈蚣           100    10       10
H004   100  100    蜈蚣           100    10       10
H004   100  100    邪恶钳虫       100    2        60
H004   100  100    蜈蚣           50     2        20
H004   100  100    巨型蠕虫       50     2        20
H004   100  100    钳虫           50     2        20 
H004   83   168    触龙神         0      1        30
H004   83   168    变异史莱姆     70     1        40 
;━━━━━━━━━━━━━━━━━━━━━━━━━━━━━━━━ 
;地图名：幻境五层
H005 200 190 骷髅锤兵   100 20 8
H005 200 190 骷髅长枪兵 100 20 8
H005 145 80  骷髅刀斧手 100 20 8
H005 145 80  骷髅弓箭手 100 20 10
H005 100 125 骷髅刀斧手 100 20 8
H005 100 125 骷髅锤兵   100 20 10
H005 200 190 骷髅弓箭手 100 20 20
H005 100 125 骷髅长枪兵 100 20 20
H005 100 145 骷髅长枪兵 100 20 8
H005 100 145 骷髅刀斧手 100 20 10
H005 100 140 骷髅刀斧手 100 20 60
H005 200 190 骷髅刀斧手 100 20 10
H005 100 125 骷髅锤兵   100 20 20
H005 100 125 骷髅刀斧手 100 20 10
H005 100 125 骷髅长枪兵 100 20 20
H005 100 125 黄泉教主   100  1 60
;━━━━━━━━━━━━━━━━━━━━━━━━━━━━━━━━ 
;地图名：幻境六层
H006    100  100    黑色恶蛆       100     30        5
H006    100  100    黑色恶蛆       100     30        5
H006    100  100    楔蛾           100     30        5
H006    100  100    楔蛾           100     30        5
H006    100  100    楔蛾           100     30        5
H006    100  100    蝎蛇           100     50        5
H006    100  100    白野猪         100      5        5
H006    100  100    白野猪         100      5        5
H006    100  100    白野猪         100      5        5
H006    100  100    白野猪         100      2       15
H006    100  100    白野猪         100      2       10
H006    100  100    邪恶毒蛇       100      1       20 
H006    81   27     石墓尸王       0        1       30
;━━━━━━━━━━━━━━━━━━━━━━━━━━━━━━━━ 
;地图名：幻境七层
H007   100  100    祖玛弓箭手      100   30      5
H007   100  100    祖玛雕像        100   30      5
H007   100  100    祖玛卫士        100   30      5
H007   100  100    楔蛾            100   30      5 
H007   100  100    祖玛弓箭手      100   30      5
H007   100  100    祖玛雕像3        100   30      5
H007   100  100    祖玛卫士3        100   50      5
H007   100  100    祖玛卫士        100   30      5
H007   100  100    祖玛弓箭手3      100   30      5
H007   100  100    祖玛弓箭手      100   10      5
H007   100  100    祖玛卫士3        100   30      5
H007   100  100    祖玛卫士        100   20       5
H007   100  100    祖玛雕像        100   20      5 
H007   101  94     祖玛教主         1     1       60
H007   139  151     魔影巨人         1     1       60
H007   118  13     魔龙教主         1     1       60
H007   118  13     暗之魔龙教主         1     1       60
;━━━━━━━━━━━━━━━━━━━━━━━━━━━━━━━━ 
;地图名：幻境迷宫
T2061   19   24    楔蛾     5     1      10
T2061   19   24    楔蛾     5     1      10
T2061   19   24    电僵王   5     1      10
T2062   19   24    楔蛾     5     1      10
T2062   19   24    楔蛾     5     1      10
T2062   19   24    电僵王   5     1      10
T2063   19   24    楔蛾     5     1      10
T2063   19   24    楔蛾     5     1      10
T2063   19   24    电僵王   5     1      10
T3061   19   24    楔蛾     5     1      10
T3061   19   24    楔蛾     5     1      10
T3061   19   24    电僵王   5     1      10
T3062   19   24    楔蛾     5     1      10
T3062   19   24    楔蛾     5     1      10
T3062   19   24    电僵王   5     1      10
T3063   19   24    楔蛾     5     1      10
T3063   19   24    楔蛾     5     1      10
T3063   19   24    电僵王   5     1      10 
T1061   19   24    楔蛾     5     1      10
T1061   19   24    楔蛾     5     1      10
T1061   19   24    电僵王   5     1      10
;━━━━━━━━━━━━━━━━━━━━━━━━━━━━━━━━ 
;地图名：幻境八层
H008   61    26    祖玛雕像3     10       10      5
H008   61    26    祖玛雕像3     10       10      5
H008   40    45    祖玛卫士3     20       10      5
H008   40    45    祖玛卫士3     20       10      5
H008   40    45    祖玛弓箭手3   50       10      5
H008   40    45    祖玛弓箭手3   50       10      5
H008   40    45    祖玛弓箭手   50       10      5
H008   26    58    祖玛雕像3    10       10      5
H008   26    58    祖玛雕像     10       10      5
H008   20    45    祖玛卫士3    10       10      5
H008   20    45    祖玛卫士     10       10      5
H008   40    25    祖玛卫士     10       10      5
H008   40    25    祖玛卫士     10       10      5
H008   65    35    祖玛雕像3    10       10      5
H008   65    35    祖玛雕像     10       10      5
H008   40    65    祖玛雕像     10       10      5
H008   40    65    祖玛雕像     10       10      5
H008   40    45    楔蛾         60       15      5
H008   40    45    虹魔蝎卫     30        1      10
H008   40    45    虹魔猪卫     30        1      10
H008   40    45    虹魔蝎卫     30        2      10
H008   40    45    虹魔猪卫     30        2      10
H008   25    29    虹魔教主     10        1      15 
H008   25    29    暗之魔龙教主     10        1      60 
H008   25    29    魔龙教主     10        1      60
;━━━━━━━━━━━━━━━━━━━━━━━━━━━━━━━━ 
;地图名：幻境九层
H009  128   91    月魔蜘蛛   200       30      10
H009  128   91    天狼蜘蛛   200       30       8
H009  128   91    钢牙蜘蛛   200       30      10
H009  128   91    花吻蜘蛛   200       30      10
H009  128   91    黑锷蜘蛛   200       20      12 
H009  242   152   月魔蜘蛛   150       30      10
H009  242   152   天狼蜘蛛   150       30       8
H009  242   152   钢牙蜘蛛   150       30      10
H009  242   152   花吻蜘蛛   150       30      10
H009  242   152   黑锷蜘蛛   150       35      12 
H009  66    208   月魔蜘蛛   150       30      10
H009  66    208   天狼蜘蛛   150       30       8
H009  66    208   钢牙蜘蛛   150       30      10
H009  66    208   花吻蜘蛛   150       30      10
H009  66    208   黑锷蜘蛛   150       10      12 
H009  128   91    血巨人     200       10      20
H009  128   91    血巨人     200       10      20
H009  128   91    血僵尸     200       10      20
H009  128   91    血僵尸     200       10      20
H009  128   91    月魔蜘蛛   200       10      10
H009  128   91    双头血魔   200        2      30
H009  128   91    双头金刚   200        2      30
H009  128   91    双头金刚   200        3      30
;━━━━━━━━━━━━━━━━━━━━━━━━━━━━━━━━ 
;地图名：屠龙殿
H010 205 210 牛头侍卫     200 35 10
H010 205 210 牛魔法师     200 35 10
H010 205 210 牛魔将军     200 35 10
H010 205 210 牛魔侍卫     200 35 10
H010 205 210 牛魔法师     200 35 10
H010 205 210 牛魔祭司     200 35 30
H010 205 210 牛魔将军     200 20 30
H010 205 210 牛魔将军     200 10 30
H010 205 210 牛魔祭司     200 15 30
H010 205 210 牛魔法师     200 35 10
H010 205 210 牛魔祭司     200 35 10
H010 205 210 牛魔将军     200 35 10
H010 205 210 牛魔侍卫     200 35 10
H010 205 210 牛魔法师     200 35 10 
H010 326 327 赤月恶魔     0   3 20
H010 368 34  黄泉教主   0   1 15
H010 53  56  牛魔王       0   1 15
H010 26  372 虹魔教主   0   1 15
H010 205 210 魔龙教主     200  1 60
H010 205 210 暗之魔龙教主     200  1 60
H010 205 210 重装使者     200  1 60
H010 205 210 暗之魔龙巨蛾     200  1 20
H010 205 210 暗之魔龙力士     200  1 20
H010 205 210 暗之魔龙战将     200  1 20
H010 205 210 双头金刚     200  1 10
H010 205 210 双头血魔     200  1 10
H010 205 210 暗之双头金刚     200  1 20
H010 205 210 暗之双头血魔     200  1 20
H010 205 210 暗之黄泉教主     200  1 20
H010 205 210 暗之虹魔教主     200  1 20
H010 205 210 暗之骷髅精灵     200  1 20
H010 205 210 暗之沃玛教主     200  1 30
H010 205 210 暗之赤月恶魔     200  1 30
;━━━━━━━━━━━━━━━━━━━━━━━━━━━━━━━━ 



;━━━━━━━━━━━━━━━━━━━━━━━━━━━━━━━━ 
;地图名：王者禁地
H106	75  	114    暗之双头金刚   150	1	15
H106	75  	114    暗之双头血魔   150	1	15
H106	75  	114    暗之黄泉教主   150	1	15
H106	75  	114    暗之虹魔教主   150	1	15
H106	75  	114    暗之骷髅精灵   150	1	15
H106	75  	114    暗之沃玛教主   150	1	15
H106	75  	114    魔龙教主   150	1	60
H006    79      29     石墓尸王  0     1 	40
H106	75  	114    蝎子王	  150	45	20
H106	75  	114    蜈蚣王	  150	45	30
H106	75  	114    钉耙猫王   150	45	30
H106	75  	114    多钩猫王   150	45	30
H106	75  	114    虎蛇王	  150	45	20
H106	75  	114    地狱犬	  150	45	20
H106	75  	114    电僵王	  150	45	30
H106	75  	114    楔蛾王	  150	45	30
H106	75  	114    红蛇王     150	45	30
H106	75  	114    千年尸王   150	3	30
H106	75  	114    重装使者   150	1	60
H106	75  	114    暗之魔龙教主   150	1	60
H106	100  	100    魔影巨人   0	1	60

;━━━━━━━━━━━━━━━━━━━━━━━━━━━━━━━━



;━━━━━━━━━━━━━━━━━━━━━━━━━━━━━━━━
;地图名：影之道二层
H202  100   100  祖玛卫士3        100   10    30
H202  100   100  祖玛卫士3        100   10     30
H202  100   100  祖玛卫士3        100   10     30
H202  100   100  祖玛弓箭手3      100   10    30
H202  100   100  祖玛弓箭手3      100   10     30
H202  100   100  祖玛雕像3        100   10    30
H202  100   100  祖玛雕像3        100   10     30
;━━━━━━━━━━━━━━━━━━━━━━━━━━━━━━━━ 

;地图名：影之道三层
H203  100   100  祖玛卫士3        100   10     30
H203  100   100  祖玛卫士3        100   10    30
H203  100   100  祖玛卫士3        100   10     30
H203  100   100  祖玛弓箭手3      100   10    30
H203  100   100  祖玛雕像3        100   10    30
H203  100   100  祖玛雕像3        100   10    30
H203  100   100  祖玛弓箭手3      100   10    30
H203  100   50   祖玛教主         140   1     60
;━━━━━━━━━━━━━━━━━━━━━━━━━━━━━━━━ 

;地图名：沙巴克藏宝阁
H204  100 100   重装使者  	  20    1    60
H204  100 100   地藏王   	  50    1    30 
H204  100 100   沃玛教主   	  140   1    30
H204  100 100   黄泉教主  	  100   1    30
H204  100 100   虹魔教主  	  100   1    30
H204  100 100   双头血魔   	  140   1    30
H204  100 100   双头金刚  	  100   1    30
H204  100 100   暗之沃玛教主       100   1   30
H204  100 100   暗之黄泉教主       100   1   30
H204  100 100   暗之虹魔教主       100   1   30
H204  100 100   暗之双头血魔       100   1   30
H204  100 100   暗之双头金刚       100   1   30
H204  100 100   暗之骷髅精灵       100   1   30
H204  100 100   虹魔猪卫   	  100   2    30
H204  100 100   虹魔蝎卫   	  100   2    30
H204  100 100   邪恶毒蛇   	  100   5   30
H204  100 100   白野猪     	  100   5   30
H204  100 100   沃玛卫士   	  100   6    30
H204  100 100   祖玛卫士3   	  100   20   30
H204  100 100   祖玛雕像3   	  100   10   30
H204  100 100   祖玛弓箭手3       100   30   30
H204  100 100   暗之魔龙教主       100   1   60
H204  100 100   魔龙教主       100   1   30
H204  100 100   魔影巨人       100   1   60
H204  100 100   千年尸王       100   8   30
;━━━━━━━━━━━━━━━━━━━━━━━━━━━━━━━━





;神殿－－－
Fama1 31    38    牛魔将军          400   30    10
Fama1 31    38    牛魔侍卫          400   30    10
Fama1 31    38    白野猪            400   20    15
Fama1 31    38    牛魔祭祀          400   30    10
Fama1 31    38    祖玛卫士　        400   30    30
Fama1 31    38    祖玛雕像          400   30    10
Fama1 31    38    祖玛弓箭手        400   30    10
Fama1   50   50     暗之沃玛教主   400   1     10
Fama1   50   50     暗之骷髅精灵   400   1     10
Fama1   50   50     暗之双头金刚   400   1     10
Fama1   50   50     暗之黄泉教主   400   1     10
Fama1   50   50     暗之双头血魔   400   1     10
Fama1   50   50     暗之虹魔教主   400   1     10
Fama1   50   50     千年尸王  400   5     15

Fama2 31    38    白野猪           400    30    10
Fama2 31    38    牛魔王           400    4     20
Fama2 31    38    双头金刚         400    2     15
Fama2 31    38    双头血魔         400    2     15
Fama2 31    38    黄泉教主         400    1     15
Fama2 31    38    虹魔教主         400    1     15
Fama2 31    38    魔龙刀兵　       400    28    10
Fama2 31    38    魔龙射手         400    28    10
Fama2 31    38    魔龙破甲兵       400    28    10
Fama2 31    38    魔龙力士　       400    3    15
Fama2 31    38    魔龙巨蛾         400    5    15
Fama2 31    38    魔龙战将         400    5    15
Fama2   50   50     暗之沃玛教主   400   1     10
Fama2   50   50     暗之骷髅精灵   400   1     10
Fama2   50   50     暗之双头金刚   400   1     10
Fama2   50   50     暗之黄泉教主   400   1     10
Fama2   50   50     暗之双头血魔   400   1     10
Fama2   50   50     暗之虹魔教主   400   1     10
Fama2   50   50     千年尸王   400   5     15
Fama3 31    38    月魔蜘蛛          400    20   10
Fama3 31    38    白野猪           400    30   10
Fama3 31    38    祖玛弓箭手       400    30    10
Fama3 42    19    赤月恶魔         0      1    30
Fama3 14    47    双头金刚         400    1    15
Fama3 31    38    双头血魔         400    1    15
Fama3 31    38    重装使者         400    1    15
Fama3 31    38    赤月恶魔　       0      1    15
Fama3 31    38    地藏魔王         400    1    15
Fama3 31    38    牛魔王           400    1    15
Fama3   31   38     魔龙力士   400   1     15
Fama3   31   38     魔龙巨蛾   400   1     15
Fama3   31   38     魔龙战将   400   1     15
Fama3   50   50     暗之魔龙力士   400   3     15
Fama3   50   50     暗之魔龙巨蛾   400   3     15
Fama3   50   50     暗之魔龙战将   400   3     15
Fama3   50   50     暗之魔龙教主   400   1     30
Fama3   50   50     魔龙教主   400   1     30
Fama3   50   50     千年尸王   400   5    15
Fama4 20    31     月魔蜘蛛          400    10   10
Fama4 7    34    赤月恶魔         0      1    15
Fama4 14    47    双头金刚         400    2    15
Fama4 20    31    双头血魔         400    2    15
Fama4 20    31    祖玛教主         400    1    15
Fama4 20    31    重装使者         400    1    15
Fama4 20    31    暗之赤月恶魔　       400      1    30
Fama4 20    31    地藏魔王         400    1    15
Fama4 20    31    牛魔王           400    1    15
Fama4 20    31    魔影巨人         400    1    60
Fama3   20   31     魔龙力士   400   5     15
Fama3   20   31     魔龙巨蛾   400   5     15
Fama3   20   31     魔龙战将   400   5     15
Fama4   20   31     暗之魔龙力士   400   3     15
Fama4   20   31     暗之魔龙巨蛾   400   3     15
Fama4   20   31     暗之魔龙战将   400   3     15
Fama4   20   31     暗之魔龙教主   400   1     60
Fama4   20   31     魔龙教主       400   1     60
Fama4   20   31     千年尸王      400   8     15


;━━━━━━━━━━━━━━━━━━━━━━━━━━━━━━━━━━━━━━━
di1  100 100   重装使者  	  20    1    15
di1  100 100   地藏王   	  50    1    15 
di1  100 100   沃玛教主   	  140   1    15
di1  100 100   黄泉教主  	  100   1    15
di1  100 100   虹魔教主  	  100   1    15
di1  100 100   双头血魔   	  140   2    15
di1  100 100   双头金刚  	  100   2    15
di1  100 100   暗之沃玛教主       100   1   15
di1  100 100   暗之黄泉教主       100   1   15
di1  100 100   暗之虹魔教主       100   1   15
di1  100 100   暗之双头血魔       100   1   15
di1  100 100   暗之双头金刚       100   1   15
di1  100 100   暗之骷髅精灵       100   1   15
di1  100 100   祖玛卫士3   	  100   20   35
di1  100 100   祖玛雕像3   	  100   10   35
di1  100 100   祖玛弓箭手3       100   30   35
di1  100 100   暗之魔龙教主       100   1   60
di1  100 100   魔龙教主       100   1   60
di1  100 100   魔龙巨人       100   1   60
di1  50 50      暗之魔龙巨蛾       100   5   15
di1  50 50      暗之魔龙力士      100   5   15
di1  50 50      暗之魔龙战将       100   5   15
di1  50 50     魔龙巨蛾       100   5   15




di2  150 150   暗之魔龙教主       100   1   30
di2  150 150    魔龙教主       100   1   30
di2  150 150    魔龙巨人       100   1   30
di2  150 150    重装使者  	  20    1    15
di2  150 150    地藏王   	  50    1    15 
di2  150 150   沃玛教主   	  140   1    15
di2  150 150   黄泉教主  	  100   1    15
di2  150 150    虹魔教主  	  100   1    15
di2  150 150    双头血魔   	  140   4    15
di2  150 150   双头金刚  	  100   4    15
di2  150 150    暗之沃玛教主       100   1   15
di2  150 150    暗之黄泉教主       100   1   15
di2  150 150    暗之虹魔教主       100   1   15
di2  150 150   暗之双头血魔       100   1   15
di2  150 150   暗之双头金刚       100   1   15
di2  150 150   暗之骷髅精灵       100   1   15
di2  150 150      暗之魔龙巨蛾       100   5   15
di2  150 150      暗之魔龙力士      100   5   15
di2  150 150      暗之魔龙战将       100   5   15
di2	150	150	牛魔战士	180	60	10
di2	150	150	牛魔斗士	180	60	10
di2	150	150	牛魔侍卫	180	60	10
di2	150	150	牛魔法师	180	60	10
di2	150	150	牛魔将军	180	30	10
di2	150	150	牛魔祭司	180	30	10
di2	150	150	牛魔战士	180	2	60
di2	150	150	牛魔斗士	180	2	60
di2	150	150	牛魔侍卫	180	2	60
di2	150	150	牛魔法师	180	2	60
di2	150	150	牛魔将军	180	2	60
di2	150	150	牛魔祭司	180	2	60
di2	150	150	宝箱		200	2	60
di2	150	150	宝箱		200	2	60
di2	150	150	宝箱		200	2	60
di2	150	150	宝箱		200	1	120
di2	150	150	牛魔侍卫	180	60	10
di2	150	150	牛魔法师	180	40	10
di2	150	150	牛魔将军	180	20	10
di2	150	150	牛魔祭司	180	20	10
di2	150	150	牛魔战士	180	2	60
di2	150	150	牛魔斗士	180	2	60


di3	50	50	牛魔王		1	1	15
di3	50	50	暗之牛魔王	1	1	30
di3	50	50	暗之魔龙教主	1	1	60
di3	50	50	宝箱		50	2	60
di3	50	50	宝箱		50	2	60
di3	50	50	宝箱		50	2	60
di3	50	50	宝箱		50	1	120
di3	50	50	牛魔将军	70	30	8
di3	50	50	牛魔祭司	70	30	8
di3  50 50   暗之魔龙教主       70   1   60
di3  50 50     魔龙教主       100   1   60
di3  50 50     魔龙巨人       100   1   60
di3  50 50     重装使者  	  20    2    15
di3  50 50      地藏王   	  50    2    15 
di3  50 50      沃玛教主   	  140   3    15
di3  50 50      黄泉教主  	  100   3    15
di3  50 50     虹魔教主  	  100   3    15
di3  50 50      双头血魔   	  140   3    15
di3  50 50     双头金刚  	  100   3    15
di3  50 50    暗之沃玛教主       100   1   15
di3  50 50    暗之黄泉教主       100   1   10
di3  50 50      暗之虹魔教主       100   1   15
di3  50 50      暗之双头血魔       100   1   15
di3  50 50      暗之双头金刚       100   1   15
di3  50 50     暗之骷髅精灵       100   1   15
di3  50 50      暗之魔龙巨蛾       100   10   20
di3  50 50      暗之魔龙力士      100   10   20
di3  50 50      暗之魔龙战将       100   10   20
di3  50 50     魔龙巨蛾       100   5  10
di3  50 5    魔龙力士   100	5	10
di3  50 5    魔龙战将   100	5	10





zhu9	75  	114    暗之双头金刚   150	1	10
zhu9	75  	114    暗之双头血魔   150	1	10
zhu9	75  	114    暗之黄泉教主   150	1	10
zhu9	75  	114    暗之虹魔教主   150	1	10
zhu9	75  	114    暗之骷髅精灵   150	1	10
zhu9	75  	114    暗之沃玛教主   150	1	10
zhu9	75  	114    魔龙教主   150	1	30
zhu9	75  	114    魔龙刀兵	  150	40	10
zhu9	75  	114    魔龙射手	  150	40	10
zhu9	75  	114    魔龙破甲兵	  150	40	10
zhu9	75  	114    暗之魔龙巨蛾   150	3	10
zhu9	75  	114    暗之魔龙力士   150	3	10
zhu9	75  	114    暗之魔龙战将   150	3	10
zhu9	75  	114    魔龙巨蛾   150	5	10
zhu9	75  	114    魔龙力士   150	5	10
zhu9	75  	114    魔龙战将   150	5	10
zhu9	75  	114    重装使者   150	5	10
zhu9	75  	114    暗之魔龙教主   150	1	60
zhu9	100  	100    魔影巨人   0	1	60


zhu10	75  	114    双头金刚   150	5	15
zhu10	75  	114    双头血魔   150	5	15
zhu10	75  	114    暗之双头金刚   150	2	15
zhu10	75  	114    暗之双头血魔   150	2	15
zhu10	75  	114    暗之黄泉教主   150	2	15
zhu10	75  	114    暗之虹魔教主   150	2	15
zhu10	75  	114    暗之骷髅精灵   150	2	15
zhu10	75  	114    暗之沃玛教主   150	2	15
zhu10	75  	114    魔龙教主   150	1	30
zhu10	75  	114    魔龙教主   150	2	30
zhu10	75  	114    魔龙刀兵	  150	30	5
zhu10	75  	114    魔龙射手	  150	30	5
zhu10	75  	114    魔龙破甲兵	  150	30	5
zhu10	75  	114    暗之魔龙巨蛾   150	10	15
zhu10	75  	114    暗之魔龙力士   150	10	15
zhu10	75  	114    暗之魔龙战将   150	10	15
zhu10	75  	114    魔龙巨蛾   150	10	15
zhu10	75  	114    魔龙力士   150	10	15
zhu10	75  	114    魔龙战将   150	10	15
zhu10	75  	114    重装使者   150	3	15
zhu10	75  	114    暗之魔龙教主   150	2	60
zhu10	75  	114    魔影巨人   150	 2	60


;新培－－－BOSS皇宫－－－－－－－－－－－－－－－－－－－－－－－
BOSSG     20  22         暗之魔龙教主    0       1       60
BOSSG     20  32         魔龙教主       50       1       60
BOSSG     20  32         魔影巨人      50       1        60
BOSSG     20  32         暗之牛魔王     50       1       30
BOSSG     16  26         地藏魔王       50       2       30
BOSSG     11  30         牛魔王         50       2       30
BOSSG     31  38         重装使者       50       2       30
BOSSG     31  38         暗之魔龙战将   50       2       20
BOSSG     31  38         暗之魔龙力士   50       2       20
BOSSG     31  38         暗之魔龙巨蛾   50       2       20
BOSSG     31  38         双头金刚       50       1       30
BOSSG     31  38         双头血魔       50       1       30
BOSSG	75  114	 	暗之双头金刚	 150	 2	 30
BOSSG	75  114	 	暗之虹魔教主	 150	 2	 30
BOSSG	75  114	 	暗之骷髅精灵	 150	 2	 30
BOSSG	75  114	 	暗之沃玛教主	 150	 2	 30
BOSSG	75  114	 	暗之双头血魔	 150	 2	 30
BOSSG   75  114	 	暗之黄泉教主	 150	 2	 30
BOSSG   75  114	 	千年尸王	 150	 1	 30


;━━━━━━━━━━━━━━━━━━━━━━━━━━━━━━━━ 
BOSS8  200  200  暗之魔龙力士  50  1  15
BOSS8  200  200  暗之魔龙巨蛾  50  1  15
BOSS8  200  200  暗之魔龙力士  50  1  15
BOSS8  200  200  暗之魔龙巨蛾  50  1  15
BOSS8  200  200  魔龙力士  50  3  10
BOSS8  200  200  魔龙巨蛾  50  3  10
BOSS8  200  200  魔龙刀兵  50  3  10
BOSS8  200  200  魔龙破甲兵  50  3  10
BOSS8  200  200  魔龙射手  50  3  10
BOSS8  200  200  魔龙战将  50  3  10
BOSS8  200  200  魔龙邪眼  50  3  10
BOSS8  200  200  魔龙力士  50  3  10
BOSS8  200  200  魔龙巨蛾  50  3  10
BOSS8  200  200  魔龙刀兵  50  3  10
BOSS8  200  200  魔龙破甲兵  50  3  10
BOSS8  200  200  魔龙射手  50  3  10
BOSS8  200  200  魔龙战将  50  3  10
BOSS8  200  200  魔龙邪眼  50  3  10
BOSS8  200   200  重装使者      200  1   30
BOSS8  200   200  暗之双头金刚     200  1   15
BOSS8  200   200  暗之双头血魔     200  1   15
BOSS8  200   200  暗之黄泉教主     200  1   15
BOSS8  200   200  暗之虹魔教主     200  1   15
BOSS8  200   200  暗之沃玛教主     200  1   15
BOSS8  200  200  暗之魔龙力士  50  3  20
BOSS8  200  200  暗之魔龙巨蛾  50  3  20
BOSS8  200  200  暗之魔龙战将  50  3  20
BOSS8  200   200  双头金刚     200  1   15
BOSS8  200   200  双头血魔     200  1   15
BOSS8  200   200  黄泉教主     200  1   15
BOSS8  200   200  虹膜教主     200  1   15
BOSS8  200   200  沃玛教主      200  1   15
BOSS8  200   200  暗之双头金刚     200  1   30
BOSS8  200   200  暗之双头血魔     200  1   30
BOSS8  200   200  暗之黄泉教主     200  1   60
BOSS8  200   200  暗之虹魔教主     200  1   30
BOSS8  200   200  暗之沃玛教主     200  1   30
BOSS8  200   200  魔影巨人     200  1   60
BOSS8  200   200  魔龙教主     200  1   60
BOSS8  200   200  暗之魔龙教主     200  1   60
BOSS8  79    48     暗之赤月恶魔    0       1       20
;━━━━━━━━━━━━━━━━━━━━━━━━━━━━━━━━

wane1   17  21   暗之赤月恶魔     0      1     30
wane1   13  17   血僵尸           5      5     15
wane1   13  17   月魔蜘蛛         15     10     15
wane1   12  18   邪恶巨人         5      5     30
wane1   14  23   黑锷蜘蛛         15      15    15
wane1   26  14   暗之触龙神       8      1     30
wane1   25  12   暗之魔龙教主     0      1     15
wane1   26  14   暗之虹魔教主     8      1     15
wane1   26  14   暗之骷髅精灵     8      1     15
wane1   26  14   暗之双头金刚     8      1     15
wane1   26  14   暗之沃玛教主     8      1     15
wane1   26  14   暗之黄泉教主     8      1     15
wane1   26  14   暗之双头血魔     8      1     15
wane1   26  14   暗之牛魔王       8      1     15
wane1   26  14   魔龙教主         8      1     60





B102    11    14    圣域教主          10    1      10
B103    11    14    圣域牛魔王        10    1      10
B104    11    14    圣域护卫          10    1      10
B105    11    14    圣域稻草人        10    1      10
B106    11    14    圣域金刚          10    1      10
B107    11    14    圣域雪人          10    1      10
B108    11    14    圣域蛇王          10    1      10
B109    11    14    圣域猪卫          10    1      10
B110    11    14    圣域多钩猫        10    1      10
B111    11    14    圣域杀手          10    1      10
B112    11    14    圣域祭司          10    1      10
B113    11    14    圣域将军          10    1      10
B114    11    14    圣域冥狼          10    1      10
B115    11    14    圣域法师          10    1      10
B116    11    14    圣域斗士          10    1      10
B117    11    14    圣域钉耙猫        10    1      10
B118    11    14    圣域战士          10    1      10
B119    11    14    圣域侍卫          10    1      10
B120    11    14    圣域月魔          10    1      10
B121    11    14    圣域钳虫          10    1      10
B122    11    14    圣域精灵          10    1      10
B123    11    14    圣域魔魂          10    1      10
B124    11    14    圣域长枪兵        10    1      10
B125    11    14    圣域血魔          10    1      10
B126    11    14    圣域神影          10    1      10
B127    11    14    圣域蝙蝠          10    1      10
B128    11    14    圣域刀斧手        10    1      10
B129    11    14    圣域弓箭手        10    1     10
B130    11    14    圣域半兽人        10    1      10
B131    11    14    圣域蝎卫          10    1      10
B132    11    14    圣域骷髅          10    1      10
B133    11    14    圣域尸王          10    1      10
B134    11    14    圣域蛤蟆          10    1      10
B135    11    14    圣域蝎子          10    1      10




migong	50	50	魔龙刀兵	70	35	10
migong	50	50	魔龙射手	70	35	10
migong	50	50	千年尸王	70	30	10
migong	50	50	白野猪	        70	20	10
migong	50	50	赤月恶魔	70	2	20
migong	50	50	双头金刚	70	3	15
migong	50	50	双头血魔	70	3	15
migong	50	50	沃玛教主	70	4	15
migong	50	50	黄泉教主	70	2	15
migong	50	50	重装使者	70	2	30
migong	50	50	牛魔王		1	2	15
migong	50	50	暗之牛魔王	1	2	15
migong	50	50	魔影巨人	1	2	60
migong	50	50	魔龙巨蛾	70	4	15
migong	50	50	魔龙力士	70	4	15
migong	50	50	魔龙战将	70	4	15
migong	50	50	魔龙教主	70	1	60
migong	50	50	暗之魔龙巨蛾	70	4	15
migong	50	50	暗之魔龙力士	70	4	15
migong	50	50	暗之魔龙战将	70	4	15
migong	50	50	暗之魔龙教主	70	1	60
migong	50	50	斗勋教主	70	1	60


hl001 200  200  狂热火蜥蜴   110   5  20
hl001 200  200  狂热火蜥蜴   110   5  20
hl001 200  200  狂热火蜥蜴   110   5  20
hl001 200  200  狂热火蜥蜴   110   5  20
hl001 200  200  狂热火蜥蜴   110   5  20
hl001 200  200  狂热火蜥蜴   110   5  20
hl001 19   231  雷炎蛛王     250   1  60
hl001 200  200  绿魔蜘蛛   110   5  20
hl001 200  200  绿魔蜘蛛   110   5  20
hl001 200  200  绿魔蜘蛛   110   5  20
hl001 200  200  绿魔蜘蛛   110   5  20
hl001 200  200  绿魔蜘蛛   110   5  20
hl001 200  200  绿魔蜘蛛   110   5  20
hl001 200  200  圣殿护卫   110   5  20
hl001 200  200  圣殿护卫   110   5  20
hl001 200  200  圣殿卫士   110   10  10
hl001 200  200  圣殿卫士   110   10  10
hl001 200  200  圣殿护卫   110   5  20
hl001 200  200  圣殿卫士   110   10  10
hl001 200  200  圣殿护卫   110   5  20
hl001 200  200  圣殿卫士   110   10  10
hl001 200  200  圣殿护卫   110   5  20
hl001 200  200  圣殿卫士   110   10  10
hl001 200  200  金杖蜘蛛   110   10  20
hl001 200  200  金杖蜘蛛   110   10  20
hl001 200  200  金杖蜘蛛   110   10  20
hl001 200  200  金杖蜘蛛   110   10  20
hl001 200  200  金杖蜘蛛   110   10  20
hl001 200  200  金杖蜘蛛   110   10  20
hl001 200  200  巨镰蜘蛛   110   10  20
hl001 200  200  巨镰蜘蛛   110   10  20
hl001 200  200  巨镰蜘蛛   110   10  20
hl001 200  200  巨镰蜘蛛   110   10  20
hl001 200  200  巨镰蜘蛛   110   10  20
hl001 200  200  巨镰蜘蛛   110   10  20
hl001 200  200  金杖蜘蛛   110   5  20
hl001 200  200  巨镰蜘蛛   110   5  20
hl001 200  200  黑牙蜘蛛   110   5  10
hl001 200  200  黑牙蜘蛛   110   5  10
hl001 200  200  黑牙蜘蛛   110   5  10
hl001 200  200  黑牙蜘蛛   110   5  10
hl001 200  200  黑牙蜘蛛   110   5  10
hl001 200  200  黑牙蜘蛛   110   10  10
hl001 200  200  黑牙蜘蛛   110   10  10
hl001 200  200  黑牙蜘蛛   110   10  10
hl001 200  200  黑牙蜘蛛   110   10  10

H301  50  50  黑牙蜘蛛  45  7  15
H301  50  50  恶魔蜘蛛  45  7  15
H301  50  50  巨镰蜘蛛  45  7  15
H301  50  50  金杖蜘蛛  45  7  15
H301  50  50  圣殿卫士  45  7  15
H301  50  50  圣殿护卫  45  7  15
H301  50  50  绿魔蜘蛛  45  7  15
H301  50  50  狂热火蜥蜴  45  7  10
H301  50  50  雷炎蛛王  45  3  60
H301  52  26  雷炎神龙   0  1  60
H301  48  30  嗜血教主   1  1  30

hl002 100 100  黑牙蜘蛛  110  8  15
hl002 100 100  黑牙蜘蛛  110  8  15
hl002 100 100  黑牙蜘蛛  110  8  15
hl002 100 100  黑牙蜘蛛  110  8  15


hl002 100 100  恶魔蜘蛛  110  8  15
hl002 100 100  恶魔蜘蛛  110  8  15
hl002 100 100  恶魔蜘蛛  110  8  15
hl002 100 100  恶魔蜘蛛  110  8  15
hl002 100 100  恶魔蜘蛛  110  8  15


hl002 100 100  巨镰蜘蛛  110  8  15
hl002 100 100  巨镰蜘蛛  110  8  15
hl002 100 100  巨镰蜘蛛  110  8  15
hl002 100 100  巨镰蜘蛛  110  8  15

hl002 100 100  金杖蜘蛛  110  5  15
hl002 100 100  金杖蜘蛛  110  5  15
hl002 100 100  金杖蜘蛛  110  5  15
hl002 100 100  金杖蜘蛛  110  5  15
hl002 100 100  金杖蜘蛛  110  5  15


hl002 100 100  圣殿卫士  110  5  15
hl002 100 100  圣殿卫士  110  5  15
hl002 100 100  圣殿卫士  110  5  15
hl002 100 100  圣殿卫士  110  5  15
hl002 100 100  圣殿卫士  110  5  15


hl002 100 100  圣殿护卫  110  3  15
hl002 100 100  圣殿护卫  110  3  15
hl002 100 100  圣殿护卫  110  3  15
hl002 100 100  圣殿护卫  110  3  15

hl002 100 100  绿魔蜘蛛  110  3  15
hl002 100 100  绿魔蜘蛛  110  3  15
hl002 100 100  绿魔蜘蛛  110  3  15
hl002 100 100  绿魔蜘蛛  110  3  15
hl002 100 100  绿魔蜘蛛  110  3  15
hl002 100 100  绿魔蜘蛛  110  3  15
hl002 100 100  绿魔蜘蛛  110  3  15
hl002 100 100  绿魔蜘蛛  110  3  15

hl002 100 100  狂热火蜥蜴  110  3  15
hl002 100 100  狂热火蜥蜴  110  3  15
hl002 100 100  狂热火蜥蜴  110  3  15
hl002 100 100  狂热火蜥蜴  110  3  15
hl002 100 100  狂热火蜥蜴  110  3  15
hl002 100 100  狂热火蜥蜴  110  3  15
hl002 100 100  狂热火蜥蜴  110  3  15
hl002 100 100  狂热火蜥蜴  110  3  15
hl002 37  181  雷炎蛛王    100  2  60
hl002 136 159  雷炎蛛王    100  2  60

;星王神殿－－－
Fama12 31    38    牛魔将军          400   40    10
Fama12 31    38    牛魔侍卫          400   40    10
Fama12 31    38    牛魔祭祀          400   40    10
Fama12   50   50     暗之沃玛教主   400   2     10
Fama12   50   50     暗之骷髅精灵   400   2     10
Fama12   50   50     暗之双头金刚   400   2     10
Fama12   50   50     暗之黄泉教主   400   2     10
Fama12   50   50     暗之双头血魔   400   2     10
Fama12   50   50     暗之虹魔教主   400   2     10
Fama12   50   50     魔龙战将        400   10    10
Fama12   50   50     魔龙巨蛾        400   10    10
Fama12   50   50     魔龙力士        400   10    10
Fama12 31    38    双头金刚         400    3     10
Fama12 31    38    双头血魔         400    3     10
Fama12 31    38    黄泉教主         400    2     10
Fama12 31    38    虹魔教主         400    2     10
Fama12 31    38    暗之魔龙教主     400    1     60
Fama12 31    38    魔影巨人         400    1     60
Fama12 31    38    魔龙教主         400    1     60
Fama12 31    38    恶魔树妖         400    1     60


Fama22 31    38    祖玛卫士　        400   40    10
Fama22 31    38    祖玛雕像          400   40    10
Fama22 31    38    祖玛弓箭手        400   40    10
Fama22 31    38    牛魔王           400    4     10
Fama22 31    38    双头金刚         400    5     15
Fama22 31    38    双头血魔         400    5     15
Fama22 31    38    黄泉教主         400    3     15
Fama22 31    38    虹魔教主         400    3     15
Fama22 31    38    魔龙力士　       400    10    15
Fama22 31    38    魔龙巨蛾         400    10    15
Fama22 31    38    魔龙战将         400    10    15
Fama22   50   50     暗之魔龙力士   400   5     10
Fama22   50   50     暗之魔龙巨蛾   400   5     10
Fama22   50   50     暗之魔龙战将   400   5    10
Fama22   50   50     暗之魔龙教主   400   1     60
Fama22   50   50     魔龙教主       400   1     60
Fama22   50   50     魔影巨人       400   1     60
Fama22   50   50     恶魔树妖       400   1     60


Fama32 31    38    魔龙刀兵　       400    40    10
Fama32 31    38    魔龙射手         400   40    10
Fama32 31    38    魔龙破甲兵       400   40    10
Fama32 31    38    月魔蜘蛛          400    20   10
Fama32 31    38    重装使者         400    2    15
Fama32 20    31    祖玛教主         400    2    10
Fama32 31    38    赤月恶魔　       0      2    10
Fama32 31    38    地藏王         400    2    15
Fama32 31    38    牛魔王           400    2    10
Fama32   50   50     暗之魔龙力士   400   11     20
Fama32   50   50     暗之魔龙巨蛾   400   11     20
Fama32   50   50     暗之魔龙战将   400  11     20
Fama32   50   50     暗之魔龙教主   400   1     60
Fama32   50   50     恶魔树妖   400   1     60
Fama32   50   50     魔龙教主   400   1     60
Fama32   20   31     魔龙力士   400   15     15
Fama32   20   31     魔龙巨蛾   400   15     15
Fama32   20   31     魔龙战将   400   15     15
Fama32   20   31     魔影巨人   400   1     60


Fama42  20    31     月魔蜘蛛        400    10   5
Fama42  20    31    重装使者         400    2    10
Fama42  20    31    暗之赤月恶魔　   400    2    15
Fama42  20    31    地藏王         400    2    15
Fama42  20    31    牛魔王           400    2    15
Fama42   20   31     暗之魔龙力士   400   3     10
Fama42   20   31     暗之魔龙巨蛾   400   3     10
Fama42   20   31     暗之魔龙战将   400   3     10
Fama42   20   31     暗之魔龙教主   400   2     30
Fama42   20   31     恶魔树妖       400   1     60
Fama42   20   31     魔龙教主       400   2     60
Fama42   20   31     魔影巨人       400   2     60
Fama42   20   31     斗勋教主       400   1     30
Fama42   20   31     恶魔教主       400   1     60
Fama42   15   25     嗜血教主       1     1     30

;━━━━━━━━━━━━━━━━━━━━━━━━━━━━━━━
;;王者之路1：
wzzl1 20   20    魔龙射手      50    3    10
wzzl1 20   20    魔龙力士	  150	2	15
wzzl1 20   20    魔龙战将   150	 2	15
wzzl1 20   20    魔龙巨蛾   150   2      15
wzzl1 20   20    魔龙破甲兵       50   3      10
wzzl1 20   20    双头血魔   	  140   1    15
wzzl1 20   20    双头金刚  	  100   1    15
wzzl1 20   20    魔龙教主       50    1      60
wzzl1 20   20    暗之魔龙教主       50   1     60
wzzl1 20   20    暗之魔龙力士       50    1      10
wzzl1 20   20    暗之魔龙巨蛾       50    1      10
wzzl1 20   20    暗之魔龙战将       50    1      10
wzzl1 20   20    魔龙刀兵         50    3      10
wzzl1 20   20    魔影巨人         50    1     60
;━━━━━━━━━━━━━━━━━━━━━━━━━━━━━━━
;;王者之路2：
wzzl2 20   20    魔龙射手      50    3    10
wzzl2 20   20    魔龙力士	  150	2	15
wzzl2 20   20    魔龙战将   150	2	15
wzzl2 20   20    魔龙巨蛾   150   2      15
wzzl2 20   20    魔龙破甲兵       50   3      10
wzzl2 20   20    双头血魔   	  140   1    15
wzzl2 20   20    双头金刚  	  100   1    15
wzzl2 20   20    魔龙教主       50    1      60
wzzl2 20   20    暗之魔龙教主       50   1     60
wzzl2 20   20    暗之魔龙力士       50    1      10
wzzl2 20   20    暗之魔龙巨蛾       50    1      10
wzzl2 20   20    暗之魔龙战将       50    1      10
wzzl2 20   20    魔龙刀兵         50    3      10
wzzl2 20   20    魔影巨人         50    1     60
;━━━━━━━━━━━━━━━━━━━━━━━━━━━━━━━
;;王者之路3：
wzzl3 20   20    魔龙射手      50    3    10
wzzl3 20   20    魔龙力士	  150	2	15
wzzl3 20   20    魔龙战将   150	   2	15
wzzl3 20   20    魔龙巨蛾   150   2      15
wzzl3 20   20    魔龙破甲兵       50   3      10
wzzl3 20   20    暗之魔龙教主       50   1     60
wzzl3 20   20    暗之魔龙力士       50    1      10
wzzl3 20   20    暗之魔龙巨蛾       50    1      10
wzzl3 20   20    暗之魔龙战将       50    1      10
wzzl3 20   20    魔龙教主       50    1      60
wzzl3 20   20    魔龙刀兵         50    3      10
wzzl3 20   20    魔影巨人         50    1     60

;━━━━━━━━━━━━━━━━━━━━━━━━━━━━━━━
;;王者之路4：

wzzl4 20   20    魔龙力士	  150	3	15
wzzl4 20   20    魔龙战将   150	  3	15
wzzl4 20   20    魔龙巨蛾   150   3      15
wzzl4 20 22   魔龙教主       50    2      30
wzzl4 20 22   暗之魔龙教主       50   2     30
wzzl4 20 22   暗之魔龙力士       50    4      15
wzzl4 20 22   暗之魔龙巨蛾       50    4      15
wzzl4 20 22   暗之魔龙战将       50    4      15
wzzl4 20 22   魔影巨人         50    2     30
wzzl4 20 20   王者教主        0    1     60
wzzl4   20   31     斗勋教主       50   1     30
wzzl4   39   43     嗜血教主        1   1     30

英雄墓地
;━━━━━━━━━━━━━━━━━━━━━━━━━━━━━━━━ 
sq2     50    50         暗之赤月恶魔    0       2       90
sq2 50    50    魔龙刀兵　      50    28    15
sq2 50    50    魔龙射手         50    28    15
sq2 50    50    魔龙破甲兵       50    28    15
sq2 50    50    魔龙力士        50    5    20
sq2 50    50    魔龙巨蛾        50    5    20
sq2 50    50    魔龙战将      50    5    20
sq2 50    50     暗之沃玛教主      50      1     15
sq2 50    50     暗之双头血魔      50      1     15
sq2 50    50    暗之虹魔教主     50    1    15
sq2 50    50    暗之黄泉教主     50    1     15
sq2 50    50    暗之骷髅精灵      50    1   15
sq2 50    50    暗之双头金刚     50    1    15
sq2 50    50    魔龙教主       50    1   60
sq2 50    50    地藏王       50    1   30
sq2 50    50    魔影巨人       50    1   60
sq2 50    50    暗之魔龙教主     50    1    60
sq2 60    10    嗜血爆龙     0    1    60
sq2 20 22   暗之魔龙力士       50    2      15
sq2 20 22   暗之魔龙巨蛾       50    2      15
sq2 20 22   暗之魔龙战将       50    2      15

;━━━━━━━━━━━━━━━━━━━━━━━━━━━━━━━━ 
sq3 50    50    暗之赤月恶魔    0       2       60
sq3 50    50    魔龙刀兵　      50    28    15
sq3 50    50    魔龙射手         50    28    15
sq3 50    50    魔龙破甲兵       50    28    15
sq3 50    50    魔龙力士        50    5    30
sq3 50    50    魔龙巨蛾        50    2    30
sq3 50    50    魔龙战将      50    2    30
sq3 50    50    魔龙教主       50    1    30
sq3 50    50    暗之魔龙教主     50    1    30
sq3 50    50    牛魔王     50    1    30
sq3 50    50    黄泉教主     50    1    30
sq3 50    50    地藏王       50    2   90
sq3 50    50    魔影巨人       50    1   30
sq3 50    50   暗之魔龙力士       50    3      15
sq3 50    50   暗之魔龙巨蛾       50    3      15
sq3 50    50   暗之魔龙战将       50    3      15
sq3 77    16    嗜血爆龙     0    1    60
;━━━━━━━━━━━━━━━━━━━━━━━━━━━━━━━━ 
sq4   22  20     嗜血爆龙      0    1    60
sq4  20    31    重装使者         50    2    10
sq4  20    31    暗之赤月恶魔　   50    2    15
sq4  20    31    地藏王         50    2    15
sq4  20    31    牛魔王           50    2    15
sq4   20   31     暗之魔龙力士   50   3     10
sq4   20   31     暗之魔龙巨蛾   50   3     10
sq4   20   31     暗之魔龙战将   50   3     10
sq4   20   31     暗之魔龙教主   50   2     30
sq4   20   31     魔龙教主       50   2     60
sq4   20   31     魔影巨人       50   2     60
sq4   20   31     斗勋教主       50   1     30
sq4   14   14     嗜血教主       1   1      30
;━━━━━━━━━━━━━━━━━━━━━━━━━━━━━━━━ 
;JJSL	320	250	魔龙力士	400	35	10
;JJSL	320	250	恶魔蜘蛛	200	35	10
;JJSL	320	250	魔龙巨蛾	100	35	10
;JJSL	320	250	狂热火蜥蜴	150	75	10
;JJSL	320	250	巨镰蜘蛛	200	35	10
;JJSL	320	250	暗之魔龙战将	200	55	10
;JJSL	320	250	恶魔蜘蛛	350	75	10
;JJSL	320	250	魔龙战将	400	35	10
;JJSL	320	250	暗之魔龙战将	200	25	10
;JJSL	320	250	暗之魔龙力士	100	25	10
;JJSL	320	250	魔龙巨蛾 	200	35	10
;JJSL	320	250	暗之魔龙巨蛾	300	35	10
;JJSL	320	250	绿魔蜘蛛	250	65	10
;JJSL	320	250	圣殿护卫	350	65	10
;JJSL	320	250	圣殿卫士	150	75	10
;JJSL	320	250	暗之魔龙巨蛾  	400	35	10
;JJSL	320	250	暗之双头金刚	350	35	10
;JJSL	320	250	魔龙巨蛾	200	35	10
;JJSL	320	250	暗之魔龙力士	300	35	10
;JJSL	320	250	金刚护卫	150	55	10
;JJSL	320	250	金杖蜘蛛	200	55	10
;JJSL	320	250	暗之双头血魔	400	35	10
;JJSL	320	250	魔龙战将	250	35	10
;JJSL	320	250	暗之魔龙战将  	300	35	10
;JJSL	320	250	暗之牛魔王	200	25	10
;JJSL	320	250	巨镰蜘蛛	200	65	10
;JJSL	320	250	暗之虹魔教主	400	10	10
;JJSL	320	250	暗之黄泉教主	400	10	10
;JJSL	329	21	魔龙教主	1	1	30
;JJSL	313	382	魔龙教主	1	1	30
;JJSL	135	253	魔龙教主	1	1	30
;JJSL	387	243	魔龙教主	1	1	30
;JJSL	402	323	雷炎蛛王	1	1	30
;JJSL	174	42	雷炎蛛王	1	1	30
;JJSL	294	258	雷炎蛛王	1	1	30
;JJSL	249	477	雷炎蛛王	1	1	30
;JJSL	87	63	魔影巨人	1	1	30
;JJSL	270	378	魔影巨人	1	1	30
;JJSL	301	58	魔影巨人	1	1	30
;JJSL	342	432	魔影巨人	1	1	30
;JJSL	72	63	斗勋教主	1	1	30
;JJSL	315	207	斗勋教主	1	1	30
;JJSL	320	250	斗勋教主	400	1	30
;JJSL	320	250	斗勋教主	400	1	30
;JJSL	320	250	暗之魔龙教主	400	1	60
;JJSL	320	250	暗之魔龙教主	400	1	60
;JJSL	320	250	暗之魔龙教主	400	1	60
;JJSL	320	250	暗之魔龙教主	400	1	60
;JJSL	323	250	王者教主	400	1	60
;JJSL	323	250	王者教主	400	1	60
;JJSL	323	250	王者教主	400	1	60
;JJSL	323	250	雷炎神龙	400	1	60
;JJSL	323	253	恶魔教主	400	1	60
;JJSL	323	253	恶魔教主	400	1	60
;JJSL	323	253	恶魔教主	400	1	60
;JJSL	323	253	雷炎神龙	400	1	60
;JJSL	246	201	恶魔树妖	400	1	60
;JJSL	246	201	恶魔树妖	400	1	60
;JJSL	323	253	恶魔树妖	400	1	60
;JJSL	323	253	雷炎神龙	400	1	60
;JJSL	323	253	嗜血爆龙	30	1	60
;JJSL	342	432	嗜血爆龙	30	1	60
;JJSL	174	42	嗜血爆龙	30	1	60
;;━━━━━━━━━━━━━━━━━━━━━━━━━━━━━━━━ 
YXJD	168	49	暗之魔龙力士	30	15	9
YXJD	168	49	巨镰蜘蛛	30	25	9
YXJD	168	49	圣殿护卫	30	15	9
YXJD	168	49	暗之魔龙战将	30	15	9
YXJD	168	49	暗之虹魔教主	30	8	9
YXJD	168	49	斗勋教主	1	1	30
YXJD	168	49	雷炎神龙	1	1	30

YXJD	118	91	暗之魔龙巨蛾	30	15	9
YXJD	118	91	金杖蜘蛛	30	25	9
YXJD	118	91	圣殿卫士	30	15	9
YXJD	118	91	暗之双头金刚	30	15	9
YXJD	118	91	暗之黄泉教主	30	8	9
YXJD	118	91	暗之魔龙教主	1	1	30
YXJD	118	91	恶魔树妖	1	1	30

YXJD	71	171	暗之魔龙战将	30	15	9
YXJD	71	171	恶魔蜘蛛	30	25	9
YXJD	71	171	圣殿卫士	30	15	9
YXJD	71	171	暗之双头血魔	30	15	9
YXJD	71	171	暗之牛魔王	30	8	9
YXJD	71	171	雷炎蛛王	1	1	30
YXJD	71	171	恶魔教主	1	1	30

YXJD	198	174	暗之魔龙巨蛾	30	15	9
YXJD	198	174	魔龙力士	80	15	9
YXJD	198	174	狂热火蜥蜴	45	25	9
YXJD	198	174	圣殿护卫	30	15	9
YXJD	198	174	暗之双头血魔	30	15	9
YXJD	198	174	暗之牛魔王	30	8	9
YXJD	198	174	魔影巨人	1	1	30
YXJD	198	174	王者教主	1	1	30

YXJD	64	44	魔龙教主	1	1	30
YXJD	64	44	嗜血爆龙	1	1	60
YXJD	72	52	嗜血教主	1	1	30
YXJD	68	50	狂热火蜥蜴	30	10	10
YXJD	216	206	嗜血教主	1	1	30
;;━━━━━━━━━━━━━━━━━━━━━━━━━━━━━━━━ 
;JLXF    32      42     绝岭虎王         35      9      5
;JLXF    32      42     绝岭五毒魔       40      8      6
;JLXF    32      42     绝岭卫士         40      8      7
;JLXF    32      42     绝岭魔尊         50      1       30
;JLXF    32      42     绝岭道圣         50      1       35
;JLXF    32      42     绝岭战神         50      1       40
;;━━━━━━━━━━━━━━━━━━━━━━━━━━━━━━━━ 
;ZFDM    63      76     寒冰魔          45      10      8
;ZFDM    63      76     寒冰侍卫        45      10      8
;ZFDM    63      76     寒冰灭天魔      45      10      8
;ZFDM    63      76     寒冰巨魔        1       1       30
;ZFDM    125    130     寒冰魔          125     15      8
;ZFDM    125    130     寒冰侍卫        125     15      8
;ZFDM    125    130     寒冰灭天魔      125     15      8
;ZFDM    125    130     寒冰战将        125     15      8
;ZFDM    125    130     寒冰巨魔        1       1       30
;ZFDM    161    156     寒冰魔          45      10      8
;ZFDM    161    156     寒冰侍卫        45      10      8
;ZFDM    161    156     寒冰灭天魔      45      10      8
;ZFDM    196    202     嗜血教主        1       1       30
;ZFDM    196    202     寒冰战将        45      10      8
;ZFDM    196    202     寒冰侍卫        45      10      8
;ZFDM    196    202     寒冰灭天魔      45      10      8
;;━━━━━━━━━━━━━━━━━━━━━━━━━━━━━━━━ 
;DMBZ    44     40      寒冰魔          65      5      8
;DMBZ    44     40      寒冰灭天魔      65      4      8
;DMBZ    44     40      绝岭五毒魔      65      4      8
;DMBZ    44     40      寒冰侍卫        45      3      8
;DMBZ    44     40      绝岭虎王        45      5      8
;DMBZ    44     40      绝岭卫士        45      5      8
;DMBZ    44     40      寒冰战将        25      5      8
;DMBZ    44     40      绝岭卫士        25      6      8
;DMBZ    44     40      寒冰侍卫        25      3      8
;DMBZ    44     40      寒冰巨魔        1       1      30
;DMBZ    34     30      寒冰巨魔        1       1      30
;DMBZ    28     26      绝岭战神        1       1      30
;DMBZ    65     21      嗜血教主        1       1      30
;;━━━━━━━━━━━━━━━━━━━━━━━━━━━━━━━━ 
;之神殿
lysd3	34	32	金爪赤狐王	70	9	9
lysd3	34	32	玉面素狐王	70	10	9
lysd3	34	32	火尾黑狐王	70	10	9
lysd3	30	28	之天珠	1	1	60
lysd3	38	28	之金龙	0	1	30
lysd3	34	32	魔影巨人	50	2	30
lysd3	34	32	嗜血教主	50	2	30
lysd3	34	32	暗之魔龙教主	50	2	30


lysd2	30	33	暗之魔龙力士	55	17	10
lysd2	30	33	暗之魔龙战将	55	17	10
lysd2	30	33	火尾黑狐王	55	8	10
lysd2	17	25	之金龙	0	1	30
lysd2	17	25	嗜血教主	10	1	30    
lysd2	17	25	暗之魔龙教主	10	1	30   
lysd2	17	25	魔影巨人	30	2	30   
lysd2	54	59	五毒魔  	32	6	10
lysd2	54	59	灭天魔   	32	6	10
lysd2	54	59	绝岭战神	32	1	10
lysd2	27	33	绝岭战神	32	1	10

lysd1	30	33	暗之魔龙力士	60	25	10  
lysd1	30	33	暗之魔龙战将	60	25	10  
lysd1	30	33	绝岭战神	60	5	10 
lysd1	70	70	暗之魔龙巨蛾	20	10	10
lysd1	22	25	嗜血爆龙	0	1	30
lysd1	22	25	魔龙教主	10	1	30
lysd1	22	25	嗜血教主	20	1	30
lysd1	22	25	暗之魔龙教主	20	1	30

;之仙境━━━━━━━━━━━━━━━━━━━━━━━━━━━━
TSXJ1  38    29        暗之魔龙力士	  60	     6	     10
TSXJ1  38    29        巨镰蜘蛛  	  60	     6	     10
TSXJ1  38    29        圣殿护卫  	  60	     8	     10
TSXJ1  38    29        暗之魔龙战将	  60	     6	     10
TSXJ1  38    29        暗之虹魔教主	  100	     6	     10
TSXJ1  38    29        恶魔蜘蛛 	  100	     6	     10
TSXJ1  85    45        圣殿护卫 	  100	     6	     10
TSXJ1  85    45        暗之双头金刚 	  100	     6	     10
TSXJ1  84    80        暗之魔龙巨蛾 	  50	     6	     10
TSXJ1  19    45        雷炎神龙 	  0	     1	     30
TSXJ1  80    30        恶魔教主 	  0	     1	     30
TSXJ1  42    83        斗勋教主 	  0	     1	     30

TSXJ2  43    81        暗之魔龙巨蛾 	  50	     6	     10
TSXJ2  43    81        狂热火蜥蜴 	  50	     6	     10
TSXJ2  41    28        暗之双头血魔 	  90	     6	     10
TSXJ2  41    28        暗之牛魔王 	  90	     6	     10
TSXJ2  41    28        金杖蜘蛛 	  90	     6	     10
TSXJ2  41    28        圣殿卫士 	  90	     6	     10
TSXJ2  41    28        暗之黄泉教主 	  90	     6	     10
TSXJ2  92    64        暗之魔龙战将	  50	     6	     10
TSXJ2  92    64        暗之魔龙力士	  50	     6	     10
TSXJ2  68    88        雷炎蛛王 	  0	     1	     30
TSXJ2  77    23        恶魔树妖 	  0	     1	     30
TSXJ2  21    23        魔影巨人 	  0	     1	     30

TSXJ3  54    60        暗之魔龙巨蛾 	  50	     6	     10
TSXJ3  54    60        金杖蜘蛛 	  50	     6	     10  
TSXJ3  54    60        圣殿护卫 	  50	     6	     10  
TSXJ3  14    55        恶魔蜘蛛 	  50	     6	     10  
TSXJ3  14    55        暗之魔龙战将 	  50	     6	     10  
TSXJ3  14    55        暗之黄泉教主 	  50	     6	     10  
TSXJ3  68    36        狂热火蜥蜴 	  50	     6	     10  
TSXJ3  68    36        暗之双头血魔 	  50	     6	     10  
TSXJ3  68    36        巨镰蜘蛛 	  50	     6	     10  
TSXJ3  81    72        暗之魔龙巨蛾 	  50	     6	     10 
TSXJ3  81    72        暗之牛魔王	  50	     6	     10 
TSXJ3  81    72        暗之虹魔教主 	  50	     6	     10 
TSXJ3  19    81        魔龙教主 	  0	     1	     30
TSXJ3  17    21        暗之魔龙教主 	  0	     1	     30
TSXJ3  77    27        王者教主 	  0	     1	     30
TSXJ3  61    82        嗜血爆龙 	  0	     1	     30

TSXJ4  37    40        暗之虹魔教主 	  80	     4	     10 
TSXJ4  37    40        暗之黄泉教主 	  70	     4	     10 
TSXJ4  37    40        暗之双头血魔 	  60	     4	     10 
TSXJ4  37    40        暗之牛魔王 	  50	     4	     10 
TSXJ4  37    40        狂热火蜥蜴 	  50	     4	     10 
TSXJ4  25    50        之金龙  	  0	     1	     30
TSXJ4  40    38        嗜血教主  	  0	     1	     60
TSXJ4  29    31        恶魔树妖  	  0	     1	     30
TSXJ4  57    37        雷炎蛛王  	  0	     1	     30
;;━━━━━━━━━━━━━━━━━━━━━━━━━━━━━━━━ 



















